,eos,rho_c,M,M_0,R,Omega,Omega_p,T/W,cJ/GM^2,I,Phi_2,h_plus,h_minus,Z_p,Z_b,Z_f,omega_c/Omega,r_e,r_ratio,Omega_pa,Omega+,u_phi
0,eos/eosA,1.00000e+15,8.10063e-01,8.62585e-01,9.94528e+00,0.00000e+00,1.04511e+00,0.00000e+00,0.00000e+00,---,0,0.00000e+00,0.00000e+00,1.47336e-01,1.47336e-01,1.47336e-01,0.00000e+00,2.37316e-01,1.00000e+00,1.04511e+00,1.04511e+00,2.92264e+00
0,eos/eosA,1.00000e+15,-nan,-nan,-nan,-nan,-nan,-nan,-nan,-nan,-nan,-nan,-nan,-nan,-nan,-nan,-nan,-nan,1.00000e+00,-nan,-nan,-nan
0,eos/eosA,1.00000e+15,-nan,-nan,-nan,-nan,-nan,-nan,-nan,-nan,-nan,-nan,-nan,-nan,-nan,-nan,-nan,-nan,1.00000e+00,-nan,-nan,-nan
0,eos/eosA,1.00000e+15,8.19800e-01,8.73155e-01,1.00642e+01,1.88160e-01,1.02980e+00,5.65486e-03,1.07542e-01,5.02302e-01,6.10145e+00,0.00000e+00,0.00000e+00,1.50320e-01,2.34165e-01,6.73651e-02,3.17062e-01,2.40068e-01,9.76746e-01,1.02980e+00,1.02980e+00,2.90183e+00
0,eos/eosA,1.00000e+15,8.26584e-01,8.80522e-01,1.01497e+01,2.45339e-01,1.02154e+00,9.69467e-03,1.43367e-01,5.13564e-01,1.03197e+01,0.00000e+00,0.00000e+00,1.52473e-01,2.63140e-01,4.33492e-02,3.19590e-01,2.42051e-01,9.60645e-01,1.02154e+00,1.02154e+00,2.91380e+00
0,eos/eosA,1.00000e+15,8.34893e-01,8.89556e-01,1.02542e+01,2.98622e-01,1.01201e+00,1.45056e-02,1.79224e-01,5.27458e-01,1.54051e+01,0.00000e+00,0.00000e+00,1.55089e-01,2.91744e-01,2.07731e-02,3.22628e-01,2.44478e-01,9.41687e-01,1.01201e+00,1.01201e+00,2.93337e+00
0,eos/eosA,1.00000e+15,8.44376e-01,8.99863e-01,1.03749e+01,3.47690e-01,1.00138e+00,1.98856e-02,2.15051e-01,5.43577e-01,2.12715e+01,0.00000e+00,0.00000e+00,1.58063e-01,3.19747e-01,-3.66693e-04,3.26063e-01,2.47289e-01,9.20679e-01,1.00138e+00,1.00138e+00,2.95912e+00
0,eos/eosA,1.00000e+15,8.54867e-01,9.11269e-01,1.05102e+01,3.92617e-01,9.89767e-01,2.56689e-02,2.50938e-01,5.61706e-01,2.77724e+01,0.00000e+00,0.00000e+00,1.61323e-01,3.47115e-01,-2.02030e-02,3.29807e-01,2.50449e-01,8.98340e-01,9.89767e-01,9.89767e-01,2.99000e+00
0,eos/eosA,1.00000e+15,8.66128e-01,9.23519e-01,1.06573e+01,4.33431e-01,9.77347e-01,3.16840e-02,2.86749e-01,5.81427e-01,3.47084e+01,0.00000e+00,0.00000e+00,1.64793e-01,3.73719e-01,-3.87834e-02,3.33746e-01,2.53897e-01,8.75342e-01,9.77347e-01,9.77347e-01,3.02475e+00
0,eos/eosA,1.00000e+15,8.77956e-01,9.36387e-01,1.08153e+01,4.70500e-01,9.64160e-01,3.78311e-02,3.22572e-01,6.02531e-01,4.20480e+01,0.00000e+00,0.00000e+00,1.68415e-01,3.99613e-01,-5.62958e-02,3.37823e-01,2.57619e-01,8.52002e-01,9.64160e-01,9.64160e-01,3.06254e+00
0,eos/eosA,1.00000e+15,8.90223e-01,9.49738e-01,1.09836e+01,5.04134e-01,9.50251e-01,4.40193e-02,3.58418e-01,6.24822e-01,4.96938e+01,0.00000e+00,1.67456e-01,1.72147e-01,4.24839e-01,-7.28815e-02,3.41982e-01,2.61601e-01,8.28613e-01,9.50251e-01,9.50251e-01,3.10273e+00
0,eos/eosA,1.00000e+15,9.02833e-01,9.63473e-01,1.11618e+01,5.34581e-01,9.35619e-01,5.01673e-02,3.94254e-01,6.48150e-01,5.75853e+01,0.00000e+00,3.92571e-01,1.75949e-01,4.49418e-01,-8.86609e-02,3.46178e-01,2.65845e-01,8.05371e-01,9.35619e-01,9.35619e-01,3.14488e+00
0,eos/eosA,1.00000e+15,9.15707e-01,9.77499e-01,1.13515e+01,5.62251e-01,9.20099e-01,5.62484e-02,4.30178e-01,6.72405e-01,6.56839e+01,0.00000e+00,5.95293e-01,1.79795e-01,4.73501e-01,-1.03847e-01,3.50380e-01,2.70394e-01,7.82275e-01,9.20099e-01,9.20099e-01,3.18869e+00
0,eos/eosA,1.00000e+15,9.28676e-01,9.91626e-01,1.15535e+01,5.87362e-01,9.03570e-01,6.22107e-02,4.66018e-01,6.97283e-01,7.38931e+01,0.00000e+00,7.72614e-01,1.83644e-01,4.97108e-01,-1.18563e-01,3.54536e-01,2.75280e-01,7.59375e-01,9.03570e-01,9.03570e-01,3.23363e+00
0,eos/eosA,1.00000e+15,9.41711e-01,1.00583e+00,1.17707e+01,6.10194e-01,8.85793e-01,6.80331e-02,5.01818e-01,7.22755e-01,8.22138e+01,0.00000e+00,9.21868e-01,1.87486e-01,5.20396e-01,-1.33001e-01,3.58643e-01,2.80585e-01,7.36523e-01,8.85793e-01,8.85793e-01,3.27979e+00
0,eos/eosA,1.00000e+15,9.54784e-01,1.02007e+00,1.20089e+01,6.31082e-01,8.66258e-01,7.37268e-02,5.37696e-01,7.48796e-01,9.06512e+01,0.00000e+00,1.03810e+00,1.91321e-01,5.43646e-01,-1.47458e-01,3.62699e-01,2.86472e-01,7.13379e-01,8.66258e-01,8.66258e-01,3.32742e+00
0,eos/eosA,1.00000e+15,9.67868e-01,1.03433e+00,1.22762e+01,6.50079e-01,8.44308e-01,7.92343e-02,5.73467e-01,7.75274e-01,9.91388e+01,0.00000e+00,1.11234e+00,1.95119e-01,5.67019e-01,-1.62188e-01,3.66678e-01,2.93168e-01,6.89648e-01,8.44308e-01,8.44308e-01,3.37696e+00
0,eos/eosA,1.00000e+15,9.80961e-01,1.04862e+00,1.25922e+01,6.67495e-01,8.18382e-01,8.45987e-02,6.09399e-01,8.02355e-01,1.07777e+02,0.00000e+00,1.13079e+00,1.98899e-01,5.91201e-01,-1.77871e-01,3.70604e-01,3.01211e-01,6.64258e-01,8.18382e-01,8.18382e-01,3.42999e+00
0,eos/eosA,1.00000e+15,9.93941e-01,1.06277e+00,1.30065e+01,6.83401e-01,7.84445e-01,8.97831e-02,6.45170e-01,8.29681e-01,1.16419e+02,0.00000e+00,1.03988e+00,2.02619e-01,6.17455e-01,-1.95969e-01,3.74423e-01,3.11974e-01,6.34961e-01,7.84445e-01,7.84445e-01,3.48975e+00
0,eos/eosA,1.00000e+15,1.00685e+00,1.07684e+00,1.40898e+01,6.98084e-01,6.98145e-01,9.48351e-02,6.81050e-01,8.57401e-01,1.25158e+02,0.00000e+00,2.73076e-01,2.06310e-01,6.61102e-01,-2.32687e-01,3.78177e-01,3.41168e-01,5.75000e-01,6.98145e-01,6.98145e-01,3.59975e+00
0,eos/eosA,1.47368e+15,1.20895e+00,1.34029e+00,9.79685e+00,0.00000e+00,1.30590e+00,0.00000e+00,0.00000e+00,---,0,9.11408e-01,9.11408e-01,2.54042e-01,2.54042e-01,2.54042e-01,0.00000e+00,2.15613e-01,1.00000e+00,1.30186e+00,1.27588e+00,4.18863e+00
0,eos/eosA,1.47368e+15,-nan,-nan,-nan,-nan,-nan,-nan,-nan,-nan,-nan,-nan,-nan,-nan,-nan,-nan,-nan,-nan,1.00000e+00,-nan,-nan,-nan
0,eos/eosA,1.47368e+15,-nan,-nan,-nan,-nan,-nan,-nan,-nan,-nan,-nan,-nan,-nan,-nan,-nan,-nan,-nan,-nan,1.00000e+00,-nan,-nan,-nan
0,eos/eosA,1.47368e+15,1.22444e+00,1.35773e+00,9.91465e+00,2.47826e-01,1.28120e+00,7.04684e-03,2.43951e-01,8.65105e-01,9.94027e+00,-2.11888e+04,2.04635e+00,2.60223e-01,3.91664e-01,1.32322e-01,4.68615e-01,2.17992e-01,9.73810e-01,2.42438e+00,-1.44950e-02,5.55170e+01
0,eos/eosA,1.47368e+15,1.23492e+00,1.36949e+00,9.99836e+00,3.22774e-01,1.27002e+00,1.20674e-02,3.25279e-01,8.85666e-01,1.68169e+01,-2.13543e+04,2.45891e+00,2.64654e-01,4.38770e-01,9.66930e-02,4.72237e-01,2.19690e-01,9.55823e-01,2.41302e+00,-1.43882e-02,5.59711e+01
0,eos/eosA,1.47368e+15,1.24773e+00,1.38389e+00,1.00999e+01,3.92333e-01,1.25771e+00,1.80262e-02,4.06612e-01,9.10833e-01,2.49835e+01,0.00000e+00,2.87170e+00,2.70040e-01,4.85807e-01,6.36349e-02,4.76551e-01,2.21750e-01,9.34961e-01,1.25771e+00,1.25771e+00,4.06283e+00
0,eos/eosA,1.47368e+15,1.26239e+00,1.40040e+00,1.02167e+01,4.56113e-01,1.24443e+00,2.46663e-02,4.87895e-01,9.40083e-01,3.43118e+01,0.00000e+00,3.27844e+00,2.76186e-01,5.32390e-01,3.30478e-02,4.81402e-01,2.24126e-01,9.11987e-01,1.24443e+00,1.24443e+00,4.07587e+00
0,eos/eosA,1.47368e+15,1.27865e+00,1.41870e+00,1.03471e+01,5.14137e-01,1.23023e+00,3.17691e-02,5.69259e-01,9.73069e-01,4.46609e+01,0.00000e+00,3.67307e+00,2.82917e-01,5.78319e-01,4.70373e-03,4.86658e-01,2.26792e-01,8.87695e-01,1.23023e+00,1.23023e+00,4.09780e+00
0,eos/eosA,1.47368e+15,1.29608e+00,1.43835e+00,1.04881e+01,5.66697e-01,1.21531e+00,3.91433e-02,6.50568e-01,1.00891e+00,5.56508e+01,0.00000e+00,4.05251e+00,2.90105e-01,6.23461e-01,-2.16107e-02,4.92151e-01,2.29690e-01,8.62939e-01,1.21531e+00,1.21531e+00,4.12623e+00
0,eos/eosA,1.47368e+15,1.31441e+00,1.45900e+00,1.06390e+01,6.14134e-01,1.19965e+00,4.66481e-02,7.31888e-01,1.04736e+00,6.72807e+01,0.00000e+00,4.41426e+00,2.97608e-01,6.67718e-01,-4.61517e-02,4.97795e-01,2.32816e-01,8.37939e-01,1.19965e+00,1.19965e+00,4.15979e+00
0,eos/eosA,1.47368e+15,1.33341e+00,1.48043e+00,1.07987e+01,6.56934e-01,1.18329e+00,5.41720e-02,8.13198e-01,1.08790e+00,7.93275e+01,0.00000e+00,4.75626e+00,3.05346e-01,7.11112e-01,-6.91711e-02,5.03501e-01,2.36152e-01,8.13184e-01,1.18329e+00,1.18329e+00,4.19705e+00
0,eos/eosA,1.47368e+15,1.35296e+00,1.50248e+00,1.09672e+01,6.95482e-01,1.16617e+00,6.16292e-02,8.94556e-01,1.13040e+00,9.17845e+01,0.00000e+00,5.07973e+00,3.13238e-01,7.53638e-01,-9.08937e-02,5.09222e-01,2.39711e-01,7.88672e-01,1.16617e+00,1.16617e+00,4.23734e+00
0,eos/eosA,1.47368e+15,1.37288e+00,1.52496e+00,1.11447e+01,7.30181e-01,1.14823e+00,6.89490e-02,9.75822e-01,1.17450e+00,1.04515e+02,0.00000e+00,5.38226e+00,3.21211e-01,7.95294e-01,-1.11531e-01,5.14892e-01,2.43508e-01,7.64648e-01,1.14823e+00,1.14823e+00,4.27980e+00
0,eos/eosA,1.47368e+15,1.39295e+00,1.54760e+00,1.13324e+01,7.61500e-01,1.12926e+00,7.61138e-02,1.05707e+00,1.21996e+00,1.17518e+02,0.00000e+00,5.66145e+00,3.29221e-01,8.36209e-01,-1.31363e-01,5.20481e-01,2.47587e-01,7.40918e-01,1.12926e+00,1.12926e+00,4.32380e+00
0,eos/eosA,1.47368e+15,1.41327e+00,1.57056e+00,1.15336e+01,7.89811e-01,1.10889e+00,8.30915e-02,1.13846e+00,1.26680e+00,1.30742e+02,0.00000e+00,5.91684e+00,3.37244e-01,8.76562e-01,-1.50680e-01,5.25979e-01,2.52039e-01,7.17432e-01,1.10889e+00,1.10889e+00,4.36925e+00
0,eos/eosA,1.47368e+15,1.43356e+00,1.59346e+00,1.17512e+01,8.15360e-01,1.08671e+00,8.98534e-02,1.21962e+00,1.31458e+00,1.44127e+02,0.00000e+00,6.14333e+00,3.45212e-01,9.16356e-01,-1.69733e-01,5.31337e-01,2.56962e-01,6.93945e-01,1.08671e+00,1.08671e+00,4.41558e+00
0,eos/eosA,1.47368e+15,1.45394e+00,1.61649e+00,1.19941e+01,8.38554e-01,1.06181e+00,9.64180e-02,1.30107e+00,1.36359e+00,1.57753e+02,0.00000e+00,6.33599e+00,3.53165e-01,9.56112e-01,-1.89054e-01,5.36592e-01,2.62597e-01,6.69971e-01,1.06181e+00,1.06181e+00,4.46342e+00
0,eos/eosA,1.47368e+15,1.47419e+00,1.63937e+00,1.22776e+01,8.59565e-01,1.03245e+00,1.02769e-01,1.38241e+00,1.41341e+00,1.71541e+02,0.00000e+00,6.47718e+00,3.61030e-01,9.96184e-01,-2.09373e-01,5.41698e-01,2.69387e-01,6.44629e-01,1.03245e+00,1.03245e+00,4.51297e+00
0,eos/eosA,1.47368e+15,1.49436e+00,1.66216e+00,1.26451e+01,8.78613e-01,9.93979e-01,1.08898e-01,1.46365e+00,1.46403e+00,1.85444e+02,0.00000e+00,6.52443e+00,3.68800e-01,1.03799e+00,-2.32600e-01,5.46649e-01,2.78551e-01,6.15723e-01,9.93979e-01,9.93979e-01,4.56652e+00
0,eos/eosA,1.47368e+15,1.51451e+00,1.68493e+00,1.35560e+01,8.95870e-01,8.98592e-01,1.14802e-01,1.54495e+00,1.51559e+00,1.99530e+02,0.00000e+00,6.02019e+00,3.76471e-01,1.09629e+00,-2.77624e-01,5.51469e-01,3.02953e-01,5.59375e-01,8.98592e-01,8.98592e-01,4.65072e+00
0,eos/eosA,1.94737e+15,1.43470e+00,1.63257e+00,9.51070e+00,0.00000e+00,1.48730e+00,0.00000e+00,0.00000e+00,---,0,3.19467e+00,3.19467e+00,3.42444e-01,3.42444e-01,3.42444e-01,0.00000e+00,1.97266e-01,1.00000e+00,1.43378e+00,1.39458e+00,4.97058e+00
0,eos/eosA,1.94737e+15,-nan,-nan,-nan,-nan,-nan,-nan,-nan,-nan,-nan,-nan,-nan,-nan,-nan,-nan,-nan,-nan,1.00000e+00,-nan,-nan,-nan
0,eos/eosA,1.94737e+15,-nan,-nan,-nan,-nan,-nan,-nan,-nan,-nan,-nan,-nan,-nan,-nan,-nan,-nan,-nan,-nan,1.00000e+00,-nan,-nan,-nan
0,eos/eosA,1.94737e+15,1.45155e+00,1.65206e+00,9.60924e+00,2.77709e-01,1.45630e+00,6.93933e-03,3.31979e-01,1.05059e+00,9.89238e+00,2.25678e+00,4.43479e+00,3.50822e-01,5.15955e-01,1.92537e-01,5.72750e-01,1.99018e-01,9.75433e-01,1.42916e+00,1.38984e+00,4.81691e+00
0,eos/eosA,1.94737e+15,1.46236e+00,1.66431e+00,9.67955e+00,3.62680e-01,1.44363e+00,1.19395e-02,4.42616e-01,1.07255e+00,1.68913e+01,2.01635e+00,4.87338e+00,3.56762e-01,5.76657e-01,1.48834e-01,5.76322e-01,2.00291e-01,9.58350e-01,1.42190e+00,1.38313e+00,4.79014e+00
0,eos/eosA,1.94737e+15,1.47562e+00,1.67936e+00,9.76551e+00,4.42241e-01,1.43004e+00,1.79354e-02,5.53251e-01,1.09945e+00,2.52733e+01,1.81089e+00,5.31509e+00,3.64039e-01,6.38117e-01,1.08273e-01,5.80593e-01,2.01848e-01,9.38306e-01,1.41248e+00,1.37440e+00,4.77458e+00
0,eos/eosA,1.94737e+15,1.49112e+00,1.69703e+00,9.86535e+00,5.15891e-01,1.41560e+00,2.46886e-02,6.63939e-01,1.13105e+00,3.47998e+01,1.63504e+00,5.75173e+00,3.72462e-01,6.99946e-01,7.07238e-02,5.85435e-01,2.03660e-01,9.16162e-01,1.40128e+00,1.36406e+00,4.76938e+00
0,eos/eosA,1.94737e+15,1.50834e+00,1.71660e+00,9.97768e+00,5.83516e-01,1.40031e+00,3.19928e-02,7.74696e-01,1.16679e+00,4.54827e+01,1.48470e+00,6.18181e+00,3.81771e-01,7.61754e-01,3.59073e-02,5.90698e-01,2.05716e-01,8.92383e-01,1.38851e+00,1.35224e+00,4.77281e+00
0,eos/eosA,1.94737e+15,1.52698e+00,1.73782e+00,1.01002e+01,6.45182e-01,1.38431e+00,3.96425e-02,8.85288e-01,1.20591e+00,5.69315e+01,1.35445e+00,6.59825e+00,3.91802e-01,8.23254e-01,3.62533e-03,5.96230e-01,2.07975e-01,8.67969e-01,1.37451e+00,1.33931e+00,4.78336e+00
0,eos/eosA,1.94737e+15,1.54680e+00,1.76037e+00,1.02323e+01,7.01238e-01,1.36757e+00,4.74960e-02,9.95918e-01,1.24816e+00,6.90828e+01,1.23910e+00,7.00136e+00,4.02391e-01,8.84322e-01,-2.64602e-02,6.01941e-01,2.10436e-01,8.43115e-01,1.35940e+00,1.32539e+00,4.79990e+00
0,eos/eosA,1.94737e+15,1.56748e+00,1.78392e+00,1.03732e+01,7.52106e-01,1.35008e+00,5.54361e-02,1.10659e+00,1.29306e+00,8.18309e+01,1.13413e+00,7.39008e+00,4.13408e-01,9.44867e-01,-5.46482e-02,6.07740e-01,2.13095e-01,8.18262e-01,1.34327e+00,1.31062e+00,4.82126e+00
0,eos/eosA,1.94737e+15,1.58897e+00,1.80842e+00,1.05229e+01,7.98147e-01,1.33176e+00,6.33575e-02,1.21738e+00,1.34046e+00,9.50520e+01,1.03631e+00,7.76163e+00,4.24753e-01,1.00481e+00,-8.11945e-02,6.13571e-01,2.15961e-01,7.93555e-01,1.32613e+00,1.29502e+00,4.84671e+00
0,eos/eosA,1.94737e+15,1.61097e+00,1.83351e+00,1.06814e+01,8.39680e-01,1.31252e+00,7.11761e-02,1.32799e+00,1.38993e+00,1.08695e+02,9.42537e-01,8.11447e+00,4.36285e-01,1.06393e+00,-1.06331e-01,6.19361e-01,2.19055e-01,7.69141e-01,1.30791e+00,1.27856e+00,4.87527e+00
0,eos/eosA,1.94737e+15,1.63335e+00,1.85907e+00,1.08498e+01,8.77227e-01,1.29215e+00,7.88507e-02,1.43856e+00,1.44121e+00,1.22667e+02,8.48920e-01,8.44829e+00,4.47957e-01,1.12232e+00,-1.30388e-01,6.25071e-01,2.22413e-01,7.45020e-01,1.28846e+00,1.26116e+00,4.90629e+00
0,eos/eosA,1.94737e+15,1.65603e+00,1.88495e+00,1.10306e+01,9.11162e-01,1.27026e+00,8.63544e-02,1.54920e+00,1.49425e+00,1.37002e+02,7.50958e-01,8.76087e+00,4.59696e-01,1.18002e+00,-1.53698e-01,6.30684e-01,2.26114e-01,7.20996e-01,1.26743e+00,1.24259e+00,4.93935e+00
0,eos/eosA,1.94737e+15,1.67901e+00,1.91124e+00,1.12277e+01,9.41846e-01,1.24628e+00,9.36531e-02,1.65999e+00,1.54895e+00,1.51606e+02,6.42201e-01,9.04829e+00,4.71471e-01,1.23713e+00,-1.76646e-01,6.36179e-01,2.30275e-01,6.96924e-01,1.24426e+00,1.22249e+00,4.97414e+00
0,eos/eosA,1.94737e+15,1.70195e+00,1.93743e+00,1.14477e+01,9.69621e-01,1.21927e+00,1.00758e-01,1.77074e+00,1.60496e+00,1.66535e+02,5.15799e-01,9.30318e+00,4.83212e-01,1.29374e+00,-1.99768e-01,6.41524e-01,2.35096e-01,6.72266e-01,1.21801e+00,1.20015e+00,5.00995e+00
0,eos/eosA,1.94737e+15,1.72504e+00,1.96386e+00,1.17045e+01,9.94596e-01,1.18741e+00,1.07601e-01,1.88136e+00,1.66241e+00,1.81705e+02,3.58689e-01,9.51189e+00,4.94863e-01,1.34998e+00,-2.23841e-01,6.46714e-01,2.40976e-01,6.46289e-01,1.18682e+00,1.17418e+00,5.04689e+00
0,eos/eosA,1.94737e+15,1.74804e+00,1.99017e+00,1.20369e+01,1.01718e+00,1.14555e+00,1.14225e-01,1.99195e+00,1.72105e+00,1.97151e+02,1.29582e-01,9.63579e+00,5.06424e-01,1.40705e+00,-2.51145e-01,6.51741e-01,2.49035e-01,6.16602e-01,1.14548e+00,1.14084e+00,5.08462e+00
0,eos/eosA,1.94737e+15,1.77094e+00,2.01635e+00,1.28498e+01,1.03750e+00,1.04225e+00,1.20616e-01,2.10238e+00,1.78088e+00,2.12864e+02,0.00000e+00,9.27190e+00,5.17825e-01,1.47648e+00,-3.02764e-01,6.56603e-01,2.70784e-01,5.59375e-01,1.04225e+00,1.04225e+00,5.13199e+00
0,eos/eosA,2.42105e+15,1.55483e+00,1.79752e+00,9.20725e+00,0.00000e+00,1.62547e+00,0.00000e+00,0.00000e+00,---,0,4.56099e+00,4.56099e+00,4.11772e-01,4.11772e-01,4.11772e-01,0.00000e+00,1.83051e-01,1.00000e+00,1.50698e+00,1.50288e+00,5.38663e+00
0,eos/eosA,2.42105e+15,-nan,-nan,-nan,-nan,-nan,-nan,-nan,-nan,-nan,-nan,-nan,-nan,-nan,-nan,-nan,-nan,1.00000e+00,-nan,-nan,-nan
0,eos/eosA,2.42105e+15,-nan,-nan,-nan,-nan,-nan,-nan,-nan,-nan,-nan,-nan,-nan,-nan,-nan,-nan,-nan,-nan,1.00000e+00,-nan,-nan,-nan
0,eos/eosA,2.42105e+15,1.57158e+00,1.81725e+00,9.29016e+00,2.96111e-01,1.58980e+00,6.57157e-03,3.77871e-01,1.12151e+00,9.02425e+00,3.53432e+00,5.83563e+00,4.21586e-01,6.11192e-01,2.41991e-01,6.44542e-01,1.84369e-01,9.77319e-01,1.51738e+00,1.49656e+00,5.21461e+00
0,eos/eosA,2.42105e+15,1.58182e+00,1.82888e+00,9.34883e+00,3.87829e-01,1.57617e+00,1.13594e-02,5.03876e-01,1.14181e+00,1.53331e+01,3.24765e+00,6.28028e+00,4.28518e-01,6.82156e-01,1.92453e-01,6.47752e-01,1.85328e-01,9.61523e-01,1.51479e+00,1.48971e+00,5.17741e+00
0,eos/eosA,2.42105e+15,1.59430e+00,1.84288e+00,9.42212e+00,4.74341e-01,1.56164e+00,1.71586e-02,6.29849e-01,1.16697e+00,2.32032e+01,2.98990e+00,6.72723e+00,4.36974e-01,7.54608e-01,1.46361e-01,6.51625e-01,1.86544e-01,9.42505e-01,1.50946e+00,1.48073e+00,5.15006e+00
0,eos/eosA,2.42105e+15,1.60907e+00,1.85958e+00,9.50746e+00,5.55210e-01,1.54645e+00,2.37584e-02,7.55846e-01,1.19643e+00,3.20726e+01,2.75867e+00,7.17150e+00,4.46888e-01,8.28387e-01,1.03594e-01,6.56025e-01,1.87958e-01,9.21533e-01,1.50195e+00,1.47020e+00,5.13191e+00
0,eos/eosA,2.42105e+15,1.62563e+00,1.87833e+00,9.60373e+00,6.30112e-01,1.53059e+00,3.09606e-02,8.81787e-01,1.22987e+00,4.19613e+01,2.55002e+00,7.61080e+00,4.57993e-01,9.02999e-01,6.39204e-02,6.60839e-01,1.89563e-01,8.98828e-01,1.49252e+00,1.45836e+00,5.12190e+00
0,eos/eosA,2.42105e+15,1.64380e+00,1.89885e+00,9.71096e+00,6.99003e-01,1.51387e+00,3.85952e-02,1.00784e+00,1.26714e+00,5.28782e+01,2.36238e+00,8.04032e+00,4.70036e-01,9.78068e-01,2.70095e-02,6.65966e-01,1.91379e-01,8.74951e-01,1.48122e+00,1.44514e+00,5.11914e+00
0,eos/eosA,2.42105e+15,1.66327e+00,1.92094e+00,9.82670e+00,7.62107e-01,1.49654e+00,4.64893e-02,1.13374e+00,1.30740e+00,6.43829e+01,2.19107e+00,8.45898e+00,4.82914e-01,1.05343e+00,-7.36790e-03,6.71272e-01,1.93356e-01,8.50732e-01,1.46852e+00,1.43104e+00,5.12240e+00
0,eos/eosA,2.42105e+15,1.68382e+00,1.94420e+00,9.95178e+00,8.19679e-01,1.47836e+00,5.45382e-02,1.25980e+00,1.35073e+00,7.66518e+01,2.03279e+00,8.86632e+00,4.96402e-01,1.12881e+00,-3.95823e-02,6.76706e-01,1.95533e-01,8.26025e-01,1.45432e+00,1.41591e+00,5.13103e+00
0,eos/eosA,2.42105e+15,1.70525e+00,1.96856e+00,1.00851e+01,8.72049e-01,1.45937e+00,6.26130e-02,1.38575e+00,1.39655e+00,8.93955e+01,1.88516e+00,9.25852e+00,5.10402e-01,1.20403e+00,-6.98686e-02,6.82177e-01,1.97895e-01,8.01514e-01,1.43881e+00,1.39993e+00,5.14404e+00
0,eos/eosA,2.42105e+15,1.72728e+00,1.99360e+00,1.02273e+01,9.19511e-01,1.43941e+00,7.06378e-02,1.51152e+00,1.44467e+00,1.02663e+02,1.74541e+00,9.63412e+00,5.24732e-01,1.27876e+00,-9.85147e-02,6.87633e-01,2.00475e-01,7.76953e-01,1.42191e+00,1.38298e+00,5.16072e+00
0,eos/eosA,2.42105e+15,1.75005e+00,2.01954e+00,1.03801e+01,9.62692e-01,1.41806e+00,7.85762e-02,1.63773e+00,1.49509e+00,1.16359e+02,1.60723e+00,9.99406e+00,5.39380e-01,1.35328e+00,-1.25982e-01,6.93051e-01,2.03326e-01,7.52588e-01,1.40338e+00,1.36493e+00,5.18071e+00
0,eos/eosA,2.42105e+15,1.77307e+00,2.04573e+00,1.05446e+01,1.00180e+00,1.39510e+00,8.63729e-02,1.76373e+00,1.54727e+00,1.30459e+02,1.46834e+00,1.03338e+01,5.54174e-01,1.42711e+00,-1.52516e-01,6.98367e-01,2.06500e-01,7.28125e-01,1.38302e+00,1.34558e+00,5.20305e+00
0,eos/eosA,2.42105e+15,1.79642e+00,2.07236e+00,1.07242e+01,1.03713e+00,1.36994e+00,9.39710e-02,1.88961e+00,1.60123e+00,1.44907e+02,1.32526e+00,1.06503e+01,5.69054e-01,1.50013e+00,-1.78487e-01,7.03561e-01,2.10103e-01,7.03613e-01,1.36028e+00,1.32448e+00,5.22757e+00
0,eos/eosA,2.42105e+15,1.82000e+00,2.09925e+00,1.09257e+01,1.06899e+00,1.34151e+00,1.01357e-01,2.01540e+00,1.65692e+00,1.59719e+02,1.16908e+00,1.09369e+01,5.83930e-01,1.57220e+00,-2.04489e-01,7.08621e-01,2.14334e-01,6.78418e-01,1.33419e+00,1.30087e+00,5.25405e+00
0,eos/eosA,2.42105e+15,1.84398e+00,2.12671e+00,1.11626e+01,1.09777e+00,1.30766e+00,1.08512e-01,2.14160e+00,1.71452e+00,1.74875e+02,9.84712e-01,1.11816e+01,5.98826e-01,1.64363e+00,-2.31574e-01,7.13558e-01,2.19589e-01,6.51758e-01,1.30266e+00,1.27316e+00,5.28244e+00
0,eos/eosA,2.42105e+15,1.86784e+00,2.15396e+00,1.14704e+01,1.12367e+00,1.26298e+00,1.15455e-01,2.26764e+00,1.77356e+00,1.90428e+02,7.39078e-01,1.13470e+01,6.13605e-01,1.71445e+00,-2.62094e-01,7.18322e-01,2.26908e-01,6.21094e-01,1.26034e+00,1.23710e+00,5.31189e+00
0,eos/eosA,2.42105e+15,1.89168e+00,2.18125e+00,1.22518e+01,1.14688e+00,1.14810e+00,1.22135e-01,2.39330e+00,1.83398e+00,2.06247e+02,2.57963e-02,1.10316e+01,6.28209e-01,1.79217e+00,-3.20752e-01,7.22915e-01,2.47893e-01,5.60156e-01,1.14809e+00,1.14723e+00,5.34271e+00
0,eos/eosA,2.89474e+15,1.61594e+00,1.88502e+00,8.93004e+00,0.00000e+00,1.73484e+00,0.00000e+00,0.00000e+00,---,0,5.37867e+00,5.37867e+00,4.64769e-01,4.64769e-01,4.64769e-01,0.00000e+00,1.72256e-01,1.00000e+00,1.55620e+00,1.59707e+00,5.59822e+00
0,eos/eosA,2.89474e+15,-nan,-nan,-nan,-nan,-nan,-nan,-nan,-nan,-nan,-nan,-nan,-nan,-nan,-nan,-nan,-nan,1.00000e+00,-nan,-nan,-nan
0,eos/eosA,2.89474e+15,-nan,-nan,-nan,-nan,-nan,-nan,-nan,-nan,-nan,-nan,-nan,-nan,-nan,-nan,-nan,-nan,1.00000e+00,-nan,-nan,-nan
0,eos/eosA,2.89474e+15,1.63199e+00,1.90383e+00,9.00243e+00,3.09222e-01,1.69530e+00,6.21911e-03,3.98258e-01,1.13190e+00,8.11394e+00,4.31233e+00,6.65422e+00,4.75373e-01,6.82937e-01,2.80512e-01,6.95320e-01,1.73322e-01,9.78851e-01,1.57832e+00,1.58977e+00,5.41642e+00
0,eos/eosA,2.89474e+15,1.64152e+00,1.91466e+00,9.05232e+00,4.05835e-01,1.68096e+00,1.07839e-02,5.31046e-01,1.14999e+00,1.36714e+01,4.00169e+00,7.09575e+00,4.82964e-01,7.61529e-01,2.26766e-01,6.98163e-01,1.74066e-01,9.64172e-01,1.57978e+00,1.58309e+00,5.37294e+00
0,eos/eosA,2.89474e+15,1.65322e+00,1.92774e+00,9.11534e+00,4.97530e-01,1.66590e+00,1.63477e-02,6.63810e-01,1.17256e+00,2.07002e+01,3.71666e+00,7.53909e+00,4.92281e-01,8.42380e-01,1.76704e-01,7.01610e-01,1.75025e-01,9.46313e-01,1.57831e+00,1.57425e+00,5.33827e+00
0,eos/eosA,2.89474e+15,1.66696e+00,1.94301e+00,9.19024e+00,5.83744e-01,1.65014e+00,2.27335e-02,7.96579e-01,1.19927e+00,2.89409e+01,3.45500e+00,7.98264e+00,5.03156e-01,9.25175e-01,1.30131e-01,7.05559e-01,1.76181e-01,9.26147e-01,1.57425e+00,1.56362e+00,5.31192e+00
0,eos/eosA,2.89474e+15,1.68259e+00,1.96054e+00,9.27497e+00,6.64285e-01,1.63386e+00,2.97606e-02,9.29411e-01,1.22961e+00,3.80199e+01,3.21503e+00,8.42111e+00,5.15502e-01,1.00980e+00,8.68214e-02,7.09894e-01,1.77490e-01,9.04395e-01,1.56803e+00,1.55165e+00,5.29303e+00
0,eos/eosA,2.89474e+15,1.69985e+00,1.97988e+00,9.36977e+00,7.38673e-01,1.61684e+00,3.72436e-02,1.06203e+00,1.26357e+00,4.80545e+01,2.99436e+00,8.85210e+00,5.28970e-01,1.09546e+00,4.65882e-02,7.14530e-01,1.78980e-01,8.81299e-01,1.55969e+00,1.53833e+00,5.28125e+00
0,eos/eosA,2.89474e+15,1.71837e+00,2.00059e+00,9.47349e+00,8.07479e-01,1.59909e+00,4.50780e-02,1.19491e+00,1.30051e+00,5.88533e+01,2.78972e+00,9.27548e+00,5.43460e-01,1.18234e+00,8.90654e-03,7.19363e-01,1.80638e-01,8.57520e-01,1.54951e+00,1.52385e+00,5.27506e+00
0,eos/eosA,2.89474e+15,1.73820e+00,2.02289e+00,9.58586e+00,8.70444e-01,1.58054e+00,5.30815e-02,1.32759e+00,1.34040e+00,7.02550e+01,2.59959e+00,9.68695e+00,5.58755e-01,1.26976e+00,-2.63012e-02,7.24325e-01,1.82468e-01,8.33301e-01,1.53759e+00,1.50831e+00,5.27446e+00
0,eos/eosA,2.89474e+15,1.75890e+00,2.04610e+00,9.70698e+00,9.28096e-01,1.56102e+00,6.11907e-02,1.46031e+00,1.38282e+00,8.22853e+01,2.41936e+00,1.00851e+01,5.74687e-01,1.35761e+00,-5.95019e-02,7.29341e-01,1.84492e-01,8.08887e-01,1.52395e+00,1.49172e+00,5.27826e+00
0,eos/eosA,2.89474e+15,1.78046e+00,2.07037e+00,9.83708e+00,9.80773e-01,1.54040e+00,6.93078e-02,1.59319e+00,1.42762e+00,9.48018e+01,2.24781e+00,1.04705e+01,5.91182e-01,1.44578e+00,-9.09891e-02,7.34368e-01,1.86726e-01,7.84375e-01,1.50860e+00,1.47403e+00,5.28596e+00
0,eos/eosA,2.89474e+15,1.80264e+00,2.09533e+00,9.97737e+00,1.02864e+00,1.51839e+00,7.73617e-02,1.72606e+00,1.47470e+00,1.07835e+02,2.08159e+00,1.08404e+01,6.08044e-01,1.53376e+00,-1.21043e-01,7.39361e-01,1.89218e-01,7.59814e-01,1.49137e+00,1.45508e+00,5.29716e+00
0,eos/eosA,2.89474e+15,1.82537e+00,2.12102e+00,1.01292e+01,1.07210e+00,1.49468e+00,8.52817e-02,1.85882e+00,1.52376e+00,1.21258e+02,1.91633e+00,1.11923e+01,6.25199e-01,1.62133e+00,-1.50007e-01,7.44279e-01,1.92020e-01,7.35205e-01,1.47203e+00,1.43473e+00,5.31140e+00
0,eos/eosA,2.89474e+15,1.84834e+00,2.14692e+00,1.02960e+01,1.11151e+00,1.46856e+00,9.30593e-02,1.99144e+00,1.57458e+00,1.35131e+02,1.74899e+00,1.15222e+01,6.42516e-01,1.70817e+00,-1.78373e-01,7.49088e-01,1.95243e-01,7.10254e-01,1.45001e+00,1.41238e+00,5.32784e+00
0,eos/eosA,2.89474e+15,1.87189e+00,2.17363e+00,1.04841e+01,1.14711e+00,1.43890e+00,1.00627e-01,2.12438e+00,1.62758e+00,1.49387e+02,1.57100e+00,1.18250e+01,6.59962e-01,1.79403e+00,-2.06713e-01,7.53801e-01,1.99073e-01,6.84570e-01,1.42429e+00,1.38725e+00,5.34701e+00
0,eos/eosA,2.89474e+15,1.89557e+00,2.20050e+00,1.07054e+01,1.17914e+00,1.40360e+00,1.07975e-01,2.25701e+00,1.68222e+00,1.64037e+02,1.36990e+00,1.20869e+01,6.77366e-01,1.87823e+00,-2.36035e-01,7.58361e-01,2.03874e-01,6.57324e-01,1.39286e+00,1.35767e+00,5.36806e+00
0,eos/eosA,2.89474e+15,1.91949e+00,2.22769e+00,1.09939e+01,1.20788e+00,1.35679e+00,1.15075e-01,2.38955e+00,1.73863e+00,1.79059e+02,1.11195e+00,1.22743e+01,6.94678e-01,1.96038e+00,-2.68887e-01,7.62772e-01,2.10645e-01,6.25977e-01,1.35012e+00,1.31904e+00,5.39092e+00
0,eos/eosA,2.89474e+15,1.94352e+00,2.25505e+00,1.17411e+01,1.23370e+00,1.23376e+00,1.21959e-01,2.52247e+00,1.79692e+00,1.94502e+02,4.04889e-01,1.19994e+01,7.11923e-01,2.04283e+00,-3.32377e-01,7.67047e-01,2.30764e-01,5.62500e-01,1.23304e+00,1.22032e+00,5.41550e+00
0,eos/eosA,3.36842e+15,1.64453e+00,1.92751e+00,8.68593e+00,0.00000e+00,1.82453e+00,0.00000e+00,0.00000e+00,---,0,5.87758e+00,5.87758e+00,5.05340e-01,5.05340e-01,5.05340e-01,0.00000e+00,1.63903e-01,1.00000e+00,1.59454e+00,1.67846e+00,5.69795e+00
0,eos/eosA,3.36842e+15,-nan,-nan,-nan,-nan,-nan,-nan,-nan,-nan,-nan,-nan,-nan,-nan,-nan,-nan,-nan,-nan,1.00000e+00,-nan,-nan,-nan
0,eos/eosA,3.36842e+15,-nan,-nan,-nan,-nan,-nan,-nan,-nan,-nan,-nan,-nan,-nan,-nan,-nan,-nan,-nan,-nan,1.00000e+00,-nan,-nan,-nan
0,eos/eosA,3.36842e+15,1.66044e+00,1.94613e+00,8.75232e+00,3.18908e-01,1.78181e+00,5.89979e-03,4.04531e-01,1.11481e+00,7.45735e+00,4.80137e+00,7.14248e+00,5.16476e-01,7.37085e-01,3.10729e-01,7.32777e-01,1.64828e-01,9.79919e-01,1.62542e+00,1.67030e+00,5.51306e+00
0,eos/eosA,3.36842e+15,1.66917e+00,1.95583e+00,8.79630e+00,4.19244e-01,1.76680e+00,1.02591e-02,5.39359e-01,1.13064e+00,1.24340e+01,4.47860e+00,7.57629e+00,5.24395e-01,8.21175e-01,2.53838e-01,7.35263e-01,1.65445e-01,9.66101e-01,1.63004e+00,1.66364e+00,5.46550e+00
0,eos/eosA,3.36842e+15,1.68001e+00,1.96776e+00,8.85177e+00,5.14982e-01,1.75125e+00,1.56008e-02,6.74156e-01,1.15049e+00,1.86925e+01,4.17806e+00,8.01162e+00,5.34220e-01,9.08227e-01,2.00793e-01,7.38300e-01,1.66234e-01,9.49243e-01,1.63174e+00,1.65495e+00,5.42587e+00
0,eos/eosA,3.36842e+15,1.69275e+00,1.98164e+00,8.91847e+00,6.05561e-01,1.73503e+00,2.17774e-02,8.09069e-01,1.17420e+00,2.61741e+01,3.89809e+00,8.44774e+00,5.45727e-01,9.97927e-01,1.51303e-01,7.41807e-01,1.67205e-01,9.29883e-01,1.63065e+00,1.64435e+00,5.39374e+00
0,eos/eosA,3.36842e+15,1.70747e+00,1.99787e+00,8.99483e+00,6.90413e-01,1.71828e+00,2.86017e-02,9.43855e-01,1.20146e+00,3.44943e+01,3.63928e+00,8.88093e+00,5.58834e-01,1.08995e+00,1.05309e-01,7.45691e-01,1.68322e-01,9.08936e-01,1.62712e+00,1.63224e+00,5.36893e+00
0,eos/eosA,3.36842e+15,1.72369e+00,2.01576e+00,9.08029e+00,7.69558e-01,1.70092e+00,3.59393e-02,1.07872e+00,1.23191e+00,4.36900e+01,3.39738e+00,9.30739e+00,5.73301e-01,1.18405e+00,6.23858e-02,7.49860e-01,1.69591e-01,8.86523e-01,1.62136e+00,1.61882e+00,5.35046e+00
0,eos/eosA,3.36842e+15,1.74122e+00,2.03505e+00,9.17474e+00,8.42922e-01,1.68282e+00,4.36535e-02,1.21368e+00,1.26540e+00,5.37118e+01,3.17233e+00,9.72738e+00,5.88908e-01,1.27986e+00,2.22307e-02,7.54237e-01,1.71024e-01,8.63184e-01,1.61346e+00,1.60402e+00,5.33762e+00
0,eos/eosA,3.36842e+15,1.76004e+00,2.05590e+00,9.27745e+00,9.10410e-01,1.66399e+00,5.15796e-02,1.34839e+00,1.30164e+00,6.43216e+01,2.96149e+00,1.01380e+01,6.05492e-01,1.37686e+00,-1.53137e-02,7.58744e-01,1.72613e-01,8.39355e-01,1.60360e+00,1.58812e+00,5.33023e+00
0,eos/eosA,3.36842e+15,1.77999e+00,2.07804e+00,9.38916e+00,9.72310e-01,1.64411e+00,5.96305e-02,1.48316e+00,1.34059e+00,7.55662e+01,2.76217e+00,1.05367e+01,6.22843e-01,1.47474e+00,-5.06634e-02,7.63332e-01,1.74395e-01,8.15137e-01,1.59172e+00,1.57097e+00,5.32763e+00
0,eos/eosA,3.36842e+15,1.80060e+00,2.10090e+00,9.50947e+00,1.02924e+00,1.62311e+00,6.77533e-02,1.61802e+00,1.38160e+00,8.73186e+01,2.57139e+00,1.09224e+01,6.40891e-01,1.57358e+00,-8.42717e-02,7.67926e-01,1.76376e-01,7.90723e-01,1.57794e+00,1.55260e+00,5.32855e+00
0,eos/eosA,3.36842e+15,1.82220e+00,2.12495e+00,9.64032e+00,1.08105e+00,1.60054e+00,7.58242e-02,1.75297e+00,1.42509e+00,9.95709e+01,2.38591e+00,1.12943e+01,6.59418e-01,1.67255e+00,-1.16310e-01,7.72515e-01,1.78616e-01,7.66113e-01,1.56193e+00,1.53281e+00,5.33357e+00
0,eos/eosA,3.36842e+15,1.84412e+00,2.14936e+00,9.78237e+00,1.12838e+00,1.57618e+00,8.38289e-02,1.88782e+00,1.47035e+00,1.12271e+02,2.20334e+00,1.16494e+01,6.78366e-01,1.77157e+00,-1.47256e-01,7.77030e-01,1.81155e-01,7.41309e-01,1.54361e+00,1.51140e+00,5.34123e+00
0,eos/eosA,3.36842e+15,1.86665e+00,2.17452e+00,9.93937e+00,1.17118e+00,1.54926e+00,9.16709e-02,2.02252e+00,1.51769e+00,1.25401e+02,2.02004e+00,1.19839e+01,6.97527e-01,1.86971e+00,-1.77424e-01,7.81464e-01,1.84109e-01,7.16113e-01,1.52230e+00,1.48782e+00,5.35194e+00
0,eos/eosA,3.36842e+15,1.88983e+00,2.20059e+00,1.01171e+01,1.20986e+00,1.51861e+00,9.93146e-02,2.15748e+00,1.56720e+00,1.38931e+02,1.82738e+00,1.22930e+01,7.16880e-01,1.96669e+00,-2.07498e-01,7.85815e-01,1.87649e-01,6.90137e-01,1.49702e+00,1.46125e+00,5.36559e+00
0,eos/eosA,3.36842e+15,1.91297e+00,2.22657e+00,1.03264e+01,1.24479e+00,1.48210e+00,1.06778e-01,2.29212e+00,1.61827e+00,1.52904e+02,1.61609e+00,1.25632e+01,7.36273e-01,2.06164e+00,-2.38580e-01,7.90021e-01,1.92121e-01,6.62402e-01,1.46576e+00,1.42985e+00,5.38093e+00
0,eos/eosA,3.36842e+15,1.93660e+00,2.25319e+00,1.06018e+01,1.27616e+00,1.43319e+00,1.14013e-01,2.42703e+00,1.67141e+00,1.67296e+02,1.34753e+00,1.27624e+01,7.55620e-01,2.15335e+00,-2.73417e-01,7.94099e-01,1.98535e-01,6.30273e-01,1.42244e+00,1.38857e+00,5.39874e+00
0,eos/eosA,3.36842e+15,1.96038e+00,2.28006e+00,1.13110e+01,1.30421e+00,1.30538e+00,1.21010e-01,2.56214e+00,1.72651e+00,1.82112e+02,6.59049e-01,1.25242e+01,7.74895e-01,2.23816e+00,-3.39698e-01,7.98052e-01,2.17653e-01,5.65625e-01,1.30328e+00,1.28357e+00,5.41843e+00
0,eos/eosA,3.84211e+15,1.65602e+00,1.94495e+00,8.47517e+00,0.00000e+00,1.89952e+00,0.00000e+00,0.00000e+00,---,0,6.18846e+00,6.18846e+00,5.36694e-01,5.36694e-01,5.36694e-01,0.00000e+00,1.57331e-01,1.00000e+00,1.62662e+00,1.74856e+00,5.73706e+00
0,eos/eosA,3.84211e+15,-nan,-nan,-nan,-nan,-nan,-nan,-nan,-nan,-nan,-nan,-nan,-nan,-nan,-nan,-nan,-nan,1.00000e+00,-nan,-nan,-nan
0,eos/eosA,3.84211e+15,-nan,-nan,-nan,-nan,-nan,-nan,-nan,-nan,-nan,-nan,-nan,-nan,-nan,-nan,-nan,-nan,1.00000e+00,-nan,-nan,-nan
0,eos/eosA,3.84211e+15,1.67102e+00,1.96229e+00,8.53526e+00,3.26705e-01,1.85455e+00,5.62827e-03,4.03251e-01,1.08476e+00,6.84388e+00,5.11233e+00,7.43410e+00,5.48141e-01,7.78409e-01,3.34431e-01,7.61422e-01,1.58127e-01,9.80804e-01,1.66465e+00,1.74015e+00,5.55031e+00
0,eos/eosA,3.84211e+15,1.67916e+00,1.97117e+00,8.57502e+00,4.30055e-01,1.83898e+00,9.80920e-03,5.37726e-01,1.09888e+00,1.13653e+01,4.78503e+00,7.85865e+00,5.56277e-01,8.66630e-01,2.75189e-01,7.63637e-01,1.58657e-01,9.67627e-01,1.67175e+00,1.73347e+00,5.50040e+00
0,eos/eosA,3.84211e+15,1.68927e+00,1.98213e+00,8.62525e+00,5.29001e-01,1.82298e+00,1.49515e-02,6.72111e-01,1.11660e+00,1.70564e+01,4.47645e+00,8.28680e+00,5.66412e-01,9.58284e-01,2.19914e-01,7.66348e-01,1.59337e-01,9.51514e-01,1.67593e+00,1.72488e+00,5.45781e+00
0,eos/eosA,3.84211e+15,1.70118e+00,1.99487e+00,8.68569e+00,6.22959e-01,1.80643e+00,2.09202e-02,8.06489e-01,1.13776e+00,2.38648e+01,4.18772e+00,8.71340e+00,5.78337e-01,1.05308e+00,1.68320e-01,7.69484e-01,1.60174e-01,9.32886e-01,1.67727e+00,1.71431e+00,5.42194e+00
0,eos/eosA,3.84211e+15,1.71489e+00,2.00967e+00,8.75537e+00,7.11512e-01,1.78936e+00,2.75620e-02,9.40871e-01,1.16215e+00,3.15254e+01,3.91669e+00,9.13821e+00,5.91960e-01,1.15086e+00,1.20203e-01,7.72970e-01,1.61149e-01,9.12573e-01,1.67605e+00,1.70221e+00,5.39278e+00
0,eos/eosA,3.84211e+15,1.73016e+00,2.02619e+00,8.83385e+00,7.94498e-01,1.77168e+00,3.47415e-02,1.07537e+00,1.18954e+00,4.00072e+01,3.66258e+00,9.55946e+00,6.07083e-01,1.25137e+00,7.52269e-02,7.76730e-01,1.62266e-01,8.90723e-01,1.67242e+00,1.68861e+00,5.36957e+00
0,eos/eosA,3.84211e+15,1.74692e+00,2.04437e+00,8.92125e+00,8.71439e-01,1.75323e+00,4.22936e-02,1.20967e+00,1.21996e+00,4.92594e+01,3.42505e+00,9.97219e+00,6.23431e-01,1.35383e+00,3.32583e-02,7.80701e-01,1.63541e-01,8.67871e-01,1.66640e+00,1.67355e+00,5.35230e+00
0,eos/eosA,3.84211e+15,1.76487e+00,2.06393e+00,9.01687e+00,9.42877e-01,1.73399e+00,5.01332e-02,1.34422e+00,1.25293e+00,5.91481e+01,3.19990e+00,1.03776e+01,6.40943e-01,1.45851e+00,-6.21648e-03,7.84808e-01,1.64968e-01,8.44336e-01,1.65825e+00,1.65724e+00,5.33995e+00
0,eos/eosA,3.84211e+15,1.78387e+00,2.08469e+00,9.12106e+00,1.00863e+00,1.71379e+00,5.81301e-02,1.47873e+00,1.28846e+00,6.96560e+01,2.98769e+00,1.07735e+01,6.59362e-01,1.56462e+00,-4.33779e-02,7.89001e-01,1.66572e-01,8.20264e-01,1.64793e+00,1.63957e+00,5.33218e+00
0,eos/eosA,3.84211e+15,1.80364e+00,2.10632e+00,9.23378e+00,1.06900e+00,1.69245e+00,6.61936e-02,1.61295e+00,1.32604e+00,8.06676e+01,2.78356e+00,1.11574e+01,6.78525e-01,1.67176e+00,-7.85631e-02,7.93207e-01,1.68371e-01,7.95996e-01,1.63549e+00,1.62065e+00,5.32838e+00
0,eos/eosA,3.84211e+15,1.82449e+00,2.12928e+00,9.35706e+00,1.12417e+00,1.66946e+00,7.42418e-02,1.74746e+00,1.36612e+00,9.21830e+01,2.58694e+00,1.15280e+01,6.98300e-01,1.77955e+00,-1.12145e-01,7.97425e-01,1.70423e-01,7.71387e-01,1.62060e+00,1.60005e+00,5.32861e+00
0,eos/eosA,3.84211e+15,1.84567e+00,2.15253e+00,9.49149e+00,1.17469e+00,1.64453e+00,8.22551e-02,1.88180e+00,1.40786e+00,1.04145e+02,2.39269e+00,1.18811e+01,7.18562e-01,1.88764e+00,-1.44599e-01,8.01577e-01,1.72773e-01,7.46484e-01,1.60315e+00,1.57770e+00,5.33155e+00
0,eos/eosA,3.84211e+15,1.86778e+00,2.17704e+00,9.64116e+00,1.22041e+00,1.61685e+00,9.01074e-02,2.01628e+00,1.45197e+00,1.16553e+02,2.19786e+00,1.22159e+01,7.39135e-01,1.99498e+00,-1.76194e-01,8.05682e-01,1.75534e-01,7.21094e-01,1.58242e+00,1.55296e+00,5.33813e+00
0,eos/eosA,3.84211e+15,1.89003e+00,2.20164e+00,9.81064e+00,1.26206e+00,1.58532e+00,9.78480e-02,2.15078e+00,1.49771e+00,1.29394e+02,1.99637e+00,1.25256e+01,7.60003e-01,2.10138e+00,-2.07806e-01,8.09683e-01,1.78866e-01,6.94727e-01,1.55751e+00,1.52493e+00,5.34674e+00
0,eos/eosA,3.84211e+15,1.91289e+00,2.22713e+00,1.00118e+01,1.29940e+00,1.54750e+00,1.05343e-01,2.28513e+00,1.54554e+00,1.42646e+02,1.77448e+00,1.27989e+01,7.80897e-01,2.20488e+00,-2.40284e-01,8.13580e-01,1.83121e-01,6.66602e-01,1.52621e+00,1.49180e+00,5.35840e+00
0,eos/eosA,3.84211e+15,1.93579e+00,2.25262e+00,1.02760e+01,1.33303e+00,1.49701e+00,1.12659e-01,2.41946e+00,1.59512e+00,1.56348e+02,1.50301e+00,1.30041e+01,8.01814e-01,2.30416e+00,-2.76598e-01,8.17343e-01,1.89242e-01,6.33887e-01,1.48254e+00,1.44817e+00,5.37184e+00
0,eos/eosA,3.84211e+15,1.95918e+00,2.27888e+00,1.09507e+01,1.36288e+00,1.36604e+00,1.19687e-01,2.55378e+00,1.64679e+00,1.70424e+02,8.32649e-01,1.27938e+01,8.22572e-01,2.38996e+00,-3.44518e-01,8.20991e-01,2.07443e-01,5.68750e-01,1.36239e+00,1.33849e+00,5.38790e+00
0,eos/eosA,4.31579e+15,1.65689e+00,1.94637e+00,8.29043e+00,0.00000e+00,1.96390e+00,0.00000e+00,0.00000e+00,---,0,6.38060e+00,6.38060e+00,5.61130e-01,5.61130e-01,5.61130e-01,0.00000e+00,1.52007e-01,1.00000e+00,1.65522e+00,1.80982e+00,5.74006e+00
0,eos/eosA,4.31579e+15,-nan,-nan,-nan,-nan,-nan,-nan,-nan,-nan,-nan,-nan,-nan,-nan,-nan,-nan,-nan,-nan,1.00000e+00,-nan,-nan,-nan
0,eos/eosA,4.31579e+15,-nan,-nan,-nan,-nan,-nan,-nan,-nan,-nan,-nan,-nan,-nan,-nan,-nan,-nan,-nan,-nan,1.00000e+00,-nan,-nan,-nan
0,eos/eosA,4.31579e+15,1.67150e+00,1.96314e+00,8.34663e+00,3.33069e-01,1.91694e+00,5.39280e-03,3.97890e-01,1.04989e+00,6.32664e+00,5.31406e+00,7.60505e+00,5.72789e-01,8.10164e-01,3.53274e-01,7.84042e-01,1.52726e-01,9.81512e-01,1.69866e+00,1.80100e+00,5.55391e+00
0,eos/eosA,4.31579e+15,1.67909e+00,1.97128e+00,8.38297e+00,4.38840e-01,1.90092e+00,9.41319e-03,5.30538e-01,1.06249e+00,1.04461e+01,4.98432e+00,8.02149e+00,5.81041e-01,9.01374e-01,2.92307e-01,7.86021e-01,1.53190e-01,9.68896e-01,1.70779e+00,1.79446e+00,5.50269e+00
0,eos/eosA,4.31579e+15,1.68853e+00,1.98127e+00,8.42915e+00,5.40433e-01,1.88452e+00,1.43772e-02,6.63136e-01,1.07838e+00,1.56765e+01,4.67320e+00,8.43889e+00,5.91338e-01,9.96401e-01,2.35334e-01,7.88456e-01,1.53793e-01,9.53357e-01,1.71395e+00,1.78583e+00,5.45796e+00
0,eos/eosA,4.31579e+15,1.69986e+00,1.99327e+00,8.48503e+00,6.37253e-01,1.86762e+00,2.01590e-02,7.95835e-01,1.09755e+00,2.19165e+01,4.37908e+00,8.85801e+00,6.03550e-01,1.09511e+00,1.82101e-01,7.91291e-01,1.54537e-01,9.35352e-01,1.71723e+00,1.77534e+00,5.41989e+00
0,eos/eosA,4.31579e+15,1.71273e+00,2.00686e+00,8.54952e+00,7.28771e-01,1.85027e+00,2.66182e-02,9.28349e-01,1.11952e+00,2.90044e+01,4.10222e+00,9.27467e+00,6.17487e-01,1.19712e+00,1.32403e-01,7.94435e-01,1.55409e-01,9.15576e-01,1.71788e+00,1.76317e+00,5.38768e+00
0,eos/eosA,4.31579e+15,1.72722e+00,2.02229e+00,8.62261e+00,8.14786e-01,1.83231e+00,3.36232e-02,1.06099e+00,1.14441e+00,3.68611e+01,3.84110e+00,9.68629e+00,6.33029e-01,1.30232e+00,8.59279e-02,7.97853e-01,1.56415e-01,8.94238e-01,1.71599e+00,1.74946e+00,5.36140e+00
0,eos/eosA,4.31579e+15,1.74306e+00,2.03915e+00,8.70420e+00,8.95141e-01,1.81359e+00,4.10506e-02,1.19371e+00,1.17198e+00,4.54673e+01,3.59437e+00,1.00929e+01,6.49936e-01,1.41030e+00,4.23553e-02,8.01463e-01,1.57569e-01,8.71729e-01,1.71163e+00,1.73421e+00,5.34039e+00
0,eos/eosA,4.31579e+15,1.76002e+00,2.05729e+00,8.79362e+00,9.69747e-01,1.79412e+00,4.87678e-02,1.32621e+00,1.20190e+00,5.46749e+01,3.36140e+00,1.04920e+01,6.68050e-01,1.52063e+00,1.47185e-03,8.05206e-01,1.58867e-01,8.48535e-01,1.70500e+00,1.71761e+00,5.32417e+00
0,eos/eosA,4.31579e+15,1.77832e+00,2.07703e+00,8.89199e+00,1.03855e+00,1.77355e+00,5.66556e-02,1.45882e+00,1.23449e+00,6.44789e+01,3.13972e+00,1.08820e+01,6.87173e-01,1.63280e+00,-3.70163e-02,8.09051e-01,1.60345e-01,8.24707e-01,1.69594e+00,1.69953e+00,5.31299e+00
0,eos/eosA,4.31579e+15,1.79732e+00,2.09751e+00,8.99895e+00,1.10213e+00,1.75181e+00,6.46708e-02,1.59152e+00,1.26909e+00,7.48363e+01,2.92762e+00,1.12605e+01,7.07198e-01,1.74680e+00,-7.36015e-02,8.12924e-01,1.62014e-01,8.00488e-01,1.68459e+00,1.67995e+00,5.30535e+00
0,eos/eosA,4.31579e+15,1.81725e+00,2.11914e+00,9.11589e+00,1.16028e+00,1.72847e+00,7.26832e-02,1.72412e+00,1.30592e+00,8.56710e+01,2.72206e+00,1.16265e+01,7.27889e-01,1.86160e+00,-1.08443e-01,8.16802e-01,1.63922e-01,7.75879e-01,1.67069e+00,1.65874e+00,5.30177e+00
0,eos/eosA,4.31579e+15,1.83806e+00,2.14185e+00,9.24467e+00,1.21338e+00,1.70299e+00,8.06377e-02,1.85682e+00,1.34488e+00,9.69472e+01,2.52079e+00,1.19780e+01,7.49124e-01,1.97674e+00,-1.42008e-01,8.20658e-01,1.66134e-01,7.50977e-01,1.65391e+00,1.63547e+00,5.30169e+00
0,eos/eosA,4.31579e+15,1.85931e+00,2.16505e+00,9.38776e+00,1.26179e+00,1.67472e+00,8.85036e-02,1.98938e+00,1.38562e+00,1.08662e+02,2.31902e+00,1.23105e+01,7.70757e-01,2.09149e+00,-1.74803e-01,8.24442e-01,1.68741e-01,7.25391e-01,1.63376e+00,1.60971e+00,5.30441e+00
0,eos/eosA,4.31579e+15,1.88090e+00,2.18867e+00,9.55050e+00,1.30580e+00,1.64245e+00,9.62445e-02,2.12193e+00,1.42813e+00,1.20809e+02,2.10996e+00,1.26188e+01,7.92710e-01,2.20503e+00,-2.07504e-01,8.28139e-01,1.71909e-01,6.98828e-01,1.60920e+00,1.58052e+00,5.30972e+00
0,eos/eosA,4.31579e+15,1.90323e+00,2.21330e+00,9.74489e+00,1.34538e+00,1.60350e+00,1.03773e-01,2.25469e+00,1.47284e+00,1.33384e+02,1.88382e+00,1.28920e+01,8.14778e-01,2.31554e+00,-2.41162e-01,8.31757e-01,1.75996e-01,6.70312e-01,1.57782e+00,1.54569e+00,5.31803e+00
0,eos/eosA,4.31579e+15,1.92561e+00,2.23801e+00,1.00007e+01,1.38102e+00,1.55147e+00,1.11128e-01,2.38748e+00,1.51933e+00,1.46430e+02,1.60810e+00,1.30992e+01,8.36935e-01,2.42099e+00,-2.78697e-01,8.35254e-01,1.81902e-01,6.37109e-01,1.53372e+00,1.49994e+00,5.32842e+00
0,eos/eosA,4.31579e+15,1.94853e+00,2.26352e+00,1.06442e+01,1.41255e+00,1.41853e+00,1.18180e-01,2.51991e+00,1.56782e+00,1.59802e+02,9.57168e-01,1.29142e+01,8.58854e-01,2.50759e+00,-3.47544e-01,8.38637e-01,1.99262e-01,5.71875e-01,1.41333e+00,1.38680e+00,5.34162e+00
0,eos/eosA,4.78947e+15,1.65186e+00,1.93852e+00,8.12886e+00,0.00000e+00,2.01967e+00,0.00000e+00,0.00000e+00,---,0,6.49737e+00,6.49737e+00,5.80276e-01,5.80276e-01,5.80276e-01,0.00000e+00,1.47637e-01,1.00000e+00,1.68117e+00,1.86338e+00,5.72250e+00
0,eos/eosA,4.78947e+15,-nan,-nan,-nan,-nan,-nan,-nan,-nan,-nan,-nan,-nan,-nan,-nan,-nan,-nan,-nan,-nan,1.00000e+00,-nan,-nan,-nan
0,eos/eosA,4.78947e+15,-nan,-nan,-nan,-nan,-nan,-nan,-nan,-nan,-nan,-nan,-nan,-nan,-nan,-nan,-nan,-nan,1.00000e+00,-nan,-nan,-nan
0,eos/eosA,4.78947e+15,1.66618e+00,1.95492e+00,8.18210e+00,3.38463e-01,1.97108e+00,5.19041e-03,3.90552e-01,1.01410e+00,5.89108e+00,5.44314e+00,7.70118e+00,5.92102e-01,8.34749e-01,3.68305e-01,8.02323e-01,1.48297e-01,9.82080e-01,1.72888e+00,1.85433e+00,5.53815e+00
0,eos/eosA,4.78947e+15,1.67335e+00,1.96248e+00,8.21584e+00,4.46230e-01,1.95468e+00,9.06917e-03,5.20698e-01,1.02551e+00,9.67850e+00,5.11518e+00,8.10737e+00,6.00413e-01,9.28130e-01,3.06067e-01,8.04114e-01,1.48715e-01,9.69922e-01,1.73959e+00,1.84777e+00,5.48615e+00
0,eos/eosA,4.78947e+15,1.68213e+00,1.97154e+00,8.25869e+00,5.50194e-01,1.93796e+00,1.38812e-02,6.50925e-01,1.03975e+00,1.45199e+01,4.80174e+00,8.51678e+00,6.10800e-01,1.02576e+00,2.47727e-01,8.06296e-01,1.49258e-01,9.54834e-01,1.74743e+00,1.83926e+00,5.43996e+00
0,eos/eosA,4.78947e+15,1.69284e+00,1.98268e+00,8.31082e+00,6.49373e-01,1.92076e+00,1.94943e-02,7.81127e-01,1.05716e+00,2.02841e+01,4.50627e+00,8.92734e+00,6.23156e-01,1.12730e+00,1.93251e-01,8.08874e-01,1.49932e-01,9.37354e-01,1.75229e+00,1.82874e+00,5.40012e+00
0,eos/eosA,4.78947e+15,1.70509e+00,1.99541e+00,8.37140e+00,7.43454e-01,1.90310e+00,2.57898e-02,9.11276e-01,1.07723e+00,2.68788e+01,4.22553e+00,9.33430e+00,6.37310e-01,1.23257e+00,1.42303e-01,8.11744e-01,1.50730e-01,9.18018e-01,1.75445e+00,1.81656e+00,5.36602e+00
0,eos/eosA,4.78947e+15,1.71885e+00,2.00982e+00,8.44008e+00,8.32044e-01,1.88491e+00,3.26325e-02,1.04136e+00,1.09993e+00,3.41917e+01,3.96078e+00,9.73842e+00,6.53120e-01,1.34131e+00,9.46619e-02,8.14861e-01,1.51652e-01,8.97119e-01,1.75399e+00,1.80273e+00,5.33739e+00
0,eos/eosA,4.78947e+15,1.73419e+00,2.02602e+00,8.51744e+00,9.14952e-01,1.86589e+00,3.99003e-02,1.17165e+00,1.12541e+00,4.22167e+01,3.70999e+00,1.01387e+01,6.70393e-01,1.45322e+00,4.99981e-02,8.18206e-01,1.52720e-01,8.75000e-01,1.75090e+00,1.78727e+00,5.31433e+00
0,eos/eosA,4.78947e+15,1.75032e+00,2.04294e+00,8.60210e+00,9.92397e-01,1.84614e+00,4.75052e-02,1.30174e+00,1.15279e+00,5.08492e+01,3.47074e+00,1.05299e+01,6.88935e-01,1.56802e+00,7.91450e-03,8.21619e-01,1.53926e-01,8.52051e-01,1.74550e+00,1.77039e+00,5.29521e+00
0,eos/eosA,4.78947e+15,1.76764e+00,2.06125e+00,8.69544e+00,1.06421e+00,1.82530e+00,5.53267e-02,1.43203e+00,1.18260e+00,6.00713e+01,3.24300e+00,1.09129e+01,7.08612e-01,1.68532e+00,-3.18138e-02,8.25149e-01,1.55303e-01,8.28320e-01,1.73759e+00,1.75191e+00,5.28068e+00
0,eos/eosA,4.78947e+15,1.78616e+00,2.08106e+00,8.79780e+00,1.13012e+00,1.80316e+00,6.32215e-02,1.56207e+00,1.21475e+00,6.97854e+01,3.02523e+00,1.12860e+01,7.29169e-01,1.80407e+00,-6.93116e-02,8.28737e-01,1.56876e-01,8.04297e-01,1.72709e+00,1.73184e+00,5.27080e+00
0,eos/eosA,4.78947e+15,1.80527e+00,2.10149e+00,8.90970e+00,1.19093e+00,1.77945e+00,7.11874e-02,1.69221e+00,1.24877e+00,8.00082e+01,2.81481e+00,1.16475e+01,7.50540e-01,1.92442e+00,-1.05209e-01,8.32314e-01,1.58678e-01,7.79688e-01,1.71399e+00,1.70997e+00,5.26410e+00
0,eos/eosA,4.78947e+15,1.82524e+00,2.12296e+00,9.03334e+00,1.24655e+00,1.75354e+00,7.91183e-02,1.82241e+00,1.28485e+00,9.06823e+01,2.60708e+00,1.19950e+01,7.72523e-01,2.04535e+00,-1.39785e-01,8.35880e-01,1.60778e-01,7.54688e-01,1.69787e+00,1.68600e+00,5.26106e+00
0,eos/eosA,4.78947e+15,1.84603e+00,2.14547e+00,9.17183e+00,1.29724e+00,1.72459e+00,8.69596e-02,1.95285e+00,1.32300e+00,1.01779e+02,2.40060e+00,1.23249e+01,7.94984e-01,2.16603e+00,-1.73554e-01,8.39414e-01,1.63280e-01,7.28955e-01,1.67804e+00,1.65921e+00,5.26125e+00
0,eos/eosA,4.78947e+15,1.86703e+00,2.16823e+00,9.32919e+00,1.34326e+00,1.69162e+00,9.46711e-02,2.08279e+00,1.36269e+00,1.13278e+02,2.18730e+00,1.26301e+01,8.17737e-01,2.28511e+00,-2.07115e-01,8.42850e-01,1.66324e-01,7.02246e-01,1.65371e+00,1.62892e+00,5.26402e+00
0,eos/eosA,4.78947e+15,1.88876e+00,2.19197e+00,9.51783e+00,1.38472e+00,1.65170e+00,1.02193e-01,2.21297e+00,1.40452e+00,1.25207e+02,1.95777e+00,1.29009e+01,8.40653e-01,2.40091e+00,-2.41675e-01,8.46214e-01,1.70277e-01,6.73438e-01,1.62227e+00,1.59265e+00,5.26971e+00
0,eos/eosA,4.78947e+15,1.91056e+00,2.21581e+00,9.76676e+00,1.42212e+00,1.59828e+00,1.09557e-01,2.34328e+00,1.44811e+00,1.37612e+02,1.67881e+00,1.31073e+01,8.63724e-01,2.51103e+00,-2.80183e-01,8.49463e-01,1.76016e-01,6.39844e-01,1.57772e+00,1.54502e+00,5.27769e+00
0,eos/eosA,4.78947e+15,1.93304e+00,2.24067e+00,1.04159e+01,1.45515e+00,1.45699e+00,1.16618e-01,2.47341e+00,1.49383e+00,1.50345e+02,1.01536e+00,1.29106e+01,8.86566e-01,2.59726e+00,-3.52354e-01,8.52629e-01,1.93598e-01,5.71875e-01,1.45082e+00,1.42321e+00,5.28852e+00
0,eos/eosA,5.26316e+15,1.64328e+00,1.92494e+00,7.98654e+00,0.00000e+00,2.06854e+00,0.00000e+00,0.00000e+00,---,0,6.56446e+00,6.56446e+00,5.95343e-01,5.95343e-01,5.95343e-01,0.00000e+00,1.43992e-01,1.00000e+00,1.70510e+00,1.91052e+00,5.69286e+00
0,eos/eosA,5.26316e+15,-nan,-nan,-nan,-nan,-nan,-nan,-nan,-nan,-nan,-nan,-nan,-nan,-nan,-nan,-nan,-nan,1.00000e+00,-nan,-nan,-nan
0,eos/eosA,5.26316e+15,-nan,-nan,-nan,-nan,-nan,-nan,-nan,-nan,-nan,-nan,-nan,-nan,-nan,-nan,-nan,-nan,1.00000e+00,-nan,-nan,-nan
0,eos/eosA,5.26316e+15,1.65744e+00,1.94117e+00,8.03740e+00,3.43119e-01,2.01863e+00,5.01473e-03,3.82268e-01,9.79121e-01,5.50976e+00,5.52464e+00,7.74689e+00,6.07315e-01,8.53839e-01,3.80382e-01,8.17389e-01,1.44605e-01,9.82556e-01,1.75620e+00,1.90133e+00,5.51092e+00
0,eos/eosA,5.26316e+15,1.66420e+00,1.94816e+00,8.06907e+00,4.52693e-01,2.00189e+00,8.77323e-03,5.09681e-01,9.89482e-01,9.03052e+00,5.19812e+00,8.14501e+00,6.15636e-01,9.48868e-01,3.17118e-01,8.19014e-01,1.44988e-01,9.70752e-01,1.76822e+00,1.89480e+00,5.45846e+00
0,eos/eosA,5.26316e+15,1.67261e+00,1.95673e+00,8.10951e+00,5.58447e-01,1.98485e+00,1.34393e-02,6.37094e-01,1.00262e+00,1.35292e+01,4.88637e+00,8.54638e+00,6.26066e-01,1.04827e+00,2.57861e-01,8.21021e-01,1.45489e-01,9.56079e-01,1.77731e+00,1.88627e+00,5.41170e+00
0,eos/eosA,5.26316e+15,1.68269e+00,1.96700e+00,8.15849e+00,6.59742e-01,1.96742e+00,1.89041e-02,7.64507e-01,1.01840e+00,1.88985e+01,4.58953e+00,8.94710e+00,6.38496e-01,1.15195e+00,2.02385e-01,8.23358e-01,1.46108e-01,9.39014e-01,1.78352e+00,1.87584e+00,5.37058e+00
0,eos/eosA,5.26316e+15,1.69443e+00,1.97902e+00,8.21594e+00,7.55945e-01,1.94948e+00,2.50442e-02,8.91903e-01,1.03691e+00,2.50601e+01,4.30833e+00,9.34652e+00,6.52764e-01,1.25958e+00,1.50492e-01,8.25999e-01,1.46851e-01,9.20068e-01,1.78688e+00,1.86354e+00,5.33511e+00
0,eos/eosA,5.26316e+15,1.70745e+00,1.99241e+00,8.28092e+00,8.46947e-01,1.93107e+00,3.17507e-02,1.01930e+00,1.05769e+00,3.19101e+01,4.04023e+00,9.74338e+00,6.68761e-01,1.37115e+00,1.01841e-01,8.28862e-01,1.47707e-01,8.99512e-01,1.78767e+00,1.84970e+00,5.30463e+00
0,eos/eosA,5.26316e+15,1.72202e+00,2.00752e+00,8.35438e+00,9.32175e-01,1.91184e+00,3.88842e-02,1.14666e+00,1.08106e+00,3.94382e+01,3.78716e+00,1.01348e+01,6.86237e-01,1.48601e+00,5.62505e-02,8.31912e-01,1.48706e-01,8.77686e-01,1.78570e+00,1.83405e+00,5.27943e+00
0,eos/eosA,5.26316e+15,1.73759e+00,2.02366e+00,8.43539e+00,1.01195e+00,1.89181e+00,4.63643e-02,1.27405e+00,1.10646e+00,4.75600e+01,3.54445e+00,1.05189e+01,7.05086e-01,1.60418e+00,1.32783e-02,8.35089e-01,1.49842e-01,8.54980e-01,1.78128e+00,1.81693e+00,5.25853e+00
0,eos/eosA,5.26316e+15,1.75437e+00,2.04122e+00,8.52499e+00,1.08604e+00,1.87063e+00,5.40718e-02,1.40158e+00,1.13419e+00,5.62389e+01,3.31354e+00,1.08961e+01,7.25111e-01,1.72507e+00,-2.73037e-02,8.38364e-01,1.51148e-01,8.31445e-01,1.77421e+00,1.79805e+00,5.24207e+00
0,eos/eosA,5.26316e+15,1.77209e+00,2.05984e+00,8.62334e+00,1.15450e+00,1.84815e+00,6.19119e-02,1.52904e+00,1.16396e+00,6.54337e+01,3.09135e+00,1.12638e+01,7.46126e-01,1.84807e+00,-6.57782e-02,8.41684e-01,1.52644e-01,8.07422e-01,1.76450e+00,1.77750e+00,5.22967e+00
0,eos/eosA,5.26316e+15,1.79069e+00,2.07957e+00,8.73133e+00,1.21738e+00,1.82403e+00,6.97856e-02,1.65630e+00,1.19571e+00,7.50813e+01,2.87698e+00,1.16200e+01,7.67951e-01,1.97242e+00,-1.02424e-01,8.45022e-01,1.54367e-01,7.82910e-01,1.75199e+00,1.75508e+00,5.22108e+00
0,eos/eosA,5.26316e+15,1.80994e+00,2.09999e+00,8.85091e+00,1.27520e+00,1.79767e+00,7.76808e-02,1.78381e+00,1.22937e+00,8.52115e+01,2.66626e+00,1.19622e+01,7.90483e-01,2.09786e+00,-1.37845e-01,8.48332e-01,1.56386e-01,7.57813e-01,1.73634e+00,1.73036e+00,5.21564e+00
0,eos/eosA,5.26316e+15,1.83015e+00,2.12169e+00,8.98508e+00,1.32781e+00,1.76822e+00,8.54666e-02,1.91135e+00,1.26508e+00,9.57244e+01,2.45586e+00,1.22865e+01,8.13515e-01,2.22290e+00,-1.72322e-01,8.51633e-01,1.58795e-01,7.32031e-01,1.71687e+00,1.70281e+00,5.21387e+00
0,eos/eosA,5.26316e+15,1.85067e+00,2.14376e+00,9.13833e+00,1.37560e+00,1.73451e+00,9.31362e-02,2.03849e+00,1.30235e+00,1.06644e+02,2.24076e+00,1.25873e+01,8.36858e-01,2.34626e+00,-2.06611e-01,8.54838e-01,1.61751e-01,7.05176e-01,1.69260e+00,1.67140e+00,5.21461e+00
0,eos/eosA,5.26316e+15,1.87170e+00,2.16646e+00,9.32219e+00,1.41883e+00,1.69370e+00,1.00657e-01,2.16582e+00,1.34154e+00,1.17991e+02,2.00724e+00,1.28549e+01,8.60443e-01,2.46634e+00,-2.41965e-01,8.57973e-01,1.65599e-01,6.76074e-01,1.66106e+00,1.63389e+00,5.21815e+00
0,eos/eosA,5.26316e+15,1.89310e+00,2.18974e+00,9.56572e+00,1.45767e+00,1.63894e+00,1.07989e-01,2.29334e+00,1.38268e+00,1.29795e+02,1.72793e+00,1.30611e+01,8.84163e-01,2.57986e+00,-2.81226e-01,8.61014e-01,1.71211e-01,6.42188e-01,1.61598e+00,1.58446e+00,5.22432e+00
0,eos/eosA,5.26316e+15,1.91526e+00,2.21413e+00,1.01849e+01,1.49190e+00,1.49791e+00,1.15019e-01,2.42081e+00,1.42604e+00,1.41912e+02,1.08885e+00,1.28861e+01,9.07657e-01,2.66669e+00,-3.53061e-01,8.64003e-01,1.87960e-01,5.75000e-01,1.49037e+00,1.46149e+00,5.23347e+00
0,eos/eosA,5.73684e+15,1.63229e+00,1.90747e+00,7.85997e+00,0.00000e+00,2.11181e+00,0.00000e+00,0.00000e+00,---,0,6.59634e+00,6.59634e+00,6.07189e-01,6.07189e-01,6.07189e-01,0.00000e+00,1.40907e-01,1.00000e+00,1.72749e+00,1.95236e+00,5.65592e+00
0,eos/eosA,5.73684e+15,-nan,-nan,-nan,-nan,-nan,-nan,-nan,-nan,-nan,-nan,-nan,-nan,-nan,-nan,-nan,-nan,1.00000e+00,-nan,-nan,-nan
0,eos/eosA,5.73684e+15,-nan,-nan,-nan,-nan,-nan,-nan,-nan,-nan,-nan,-nan,-nan,-nan,-nan,-nan,-nan,-nan,1.00000e+00,-nan,-nan,-nan
0,eos/eosA,5.73684e+15,1.64688e+00,1.92439e+00,7.90960e+00,3.47035e-01,2.06072e+00,4.85659e-03,3.73549e-01,9.45993e-01,5.17607e+00,5.57434e+00,7.75995e+00,6.19345e-01,8.68590e-01,3.90221e-01,8.30033e-01,1.41489e-01,9.82971e-01,1.78108e+00,1.94293e+00,5.47747e+00
0,eos/eosA,5.73684e+15,1.65327e+00,1.93087e+00,7.93952e+00,4.58203e-01,2.04369e+00,8.50812e-03,4.98156e-01,9.55476e-01,8.46846e+00,5.24976e+00,8.15072e+00,6.27654e-01,9.64824e-01,3.26169e-01,8.31513e-01,1.41844e-01,9.71460e-01,1.79419e+00,1.93647e+00,5.42487e+00
0,eos/eosA,5.73684e+15,1.66126e+00,1.93888e+00,7.97784e+00,5.65604e-01,2.02641e+00,1.30472e-02,6.22687e-01,9.67542e-01,1.26753e+01,4.94007e+00,8.54366e+00,6.38085e-01,1.06556e+00,2.66165e-01,8.33354e-01,1.42310e-01,9.57129e-01,1.80435e+00,1.92793e+00,5.37758e+00
0,eos/eosA,5.73684e+15,1.67091e+00,1.94856e+00,8.02445e+00,6.68584e-01,2.00873e+00,1.83706e-02,7.47171e-01,9.82148e-01,1.77054e+01,4.64389e+00,8.93599e+00,6.50529e-01,1.17068e+00,2.09977e-01,8.35510e-01,1.42891e-01,9.40430e-01,1.81160e+00,1.91752e+00,5.33584e+00
0,eos/eosA,5.73684e+15,1.68215e+00,1.95991e+00,8.07922e+00,7.66614e-01,1.99055e+00,2.43656e-02,8.71631e-01,9.99237e-01,2.34881e+01,4.36278e+00,9.32779e+00,6.64841e-01,1.28000e+00,1.57357e-01,8.37940e-01,1.43589e-01,9.21826e-01,1.81597e+00,1.90517e+00,5.29940e+00
0,eos/eosA,5.73684e+15,1.69462e+00,1.97252e+00,8.14134e+00,8.59700e-01,1.97188e+00,3.09427e-02,9.96271e-01,1.01846e+00,2.99364e+01,4.09346e+00,9.71749e+00,6.80935e-01,1.39367e+00,1.07886e-01,8.40576e-01,1.44397e-01,9.01563e-01,1.81775e+00,1.89122e+00,5.26756e+00
0,eos/eosA,5.73684e+15,1.70855e+00,1.98676e+00,8.21160e+00,9.47069e-01,1.95245e+00,3.79548e-02,1.12084e+00,1.04010e+00,3.70337e+01,3.83827e+00,1.01009e+01,6.98577e-01,1.51091e+00,6.15174e-02,8.43413e-01,1.45340e-01,8.79980e-01,1.81674e+00,1.87548e+00,5.24087e+00
0,eos/eosA,5.73684e+15,1.72361e+00,2.00222e+00,8.28955e+00,1.02871e+00,1.93215e+00,4.52993e-02,1.24519e+00,1.06379e+00,4.46931e+01,3.59494e+00,1.04782e+01,7.17571e-01,1.63134e+00,1.79017e-02,8.46360e-01,1.46423e-01,8.57520e-01,1.81309e+00,1.85808e+00,5.21861e+00
0,eos/eosA,5.73684e+15,1.73994e+00,2.01916e+00,8.37606e+00,1.10474e+00,1.91066e+00,5.28870e-02,1.36984e+00,1.08973e+00,5.28913e+01,3.36171e+00,1.08492e+01,7.37821e-01,1.75486e+00,-2.33433e-02,8.49416e-01,1.47674e-01,8.34180e-01,1.80670e+00,1.83889e+00,5.20083e+00
0,eos/eosA,5.73684e+15,1.75712e+00,2.03702e+00,8.47117e+00,1.17516e+00,1.88784e+00,6.06265e-02,1.49437e+00,1.11757e+00,6.15946e+01,3.13796e+00,1.12109e+01,7.59093e-01,1.88071e+00,-6.24885e-02,8.52509e-01,1.49112e-01,8.10254e-01,1.79759e+00,1.81787e+00,5.18678e+00
0,eos/eosA,5.73684e+15,1.77515e+00,2.05594e+00,8.57592e+00,1.24013e+00,1.86332e+00,6.84394e-02,1.61900e+00,1.14734e+00,7.07565e+01,2.91997e+00,1.15614e+01,7.81293e-01,2.00848e+00,-9.98877e-02,8.55634e-01,1.50775e-01,7.85742e-01,1.78559e+00,1.79494e+00,5.17646e+00
0,eos/eosA,5.73684e+15,1.79371e+00,2.07540e+00,8.69172e+00,1.29978e+00,1.83661e+00,7.62600e-02,1.74333e+00,1.17875e+00,8.03654e+01,2.70765e+00,1.18968e+01,8.04163e-01,2.13705e+00,-1.35905e-01,8.58718e-01,1.52722e-01,7.60645e-01,1.77037e+00,1.76964e+00,5.16912e+00
0,eos/eosA,5.73684e+15,1.81323e+00,2.09611e+00,8.82226e+00,1.35423e+00,1.80668e+00,8.40109e-02,1.86794e+00,1.21223e+00,9.03733e+01,2.49422e+00,1.22165e+01,8.27617e-01,2.26558e+00,-1.71053e-01,8.61790e-01,1.55061e-01,7.34766e-01,1.75117e+00,1.74137e+00,5.16546e+00
0,eos/eosA,5.73684e+15,1.83353e+00,2.11788e+00,8.97228e+00,1.40353e+00,1.77225e+00,9.16157e-02,1.99252e+00,1.24766e+00,1.00765e+02,2.27789e+00,1.25139e+01,8.51415e-01,2.39226e+00,-2.05915e-01,8.64835e-01,1.57947e-01,7.07812e-01,1.72688e+00,1.70896e+00,5.16497e+00
0,eos/eosA,5.73684e+15,1.85341e+00,2.13884e+00,9.15285e+00,1.44898e+00,1.73038e+00,9.92342e-02,2.11718e+00,1.28412e+00,1.11680e+02,2.03909e+00,1.27777e+01,8.75682e-01,2.51670e+00,-2.42326e-01,8.67710e-01,1.61736e-01,6.78125e-01,1.69507e+00,1.67008e+00,5.16578e+00
0,eos/eosA,5.73684e+15,1.87494e+00,2.16242e+00,9.39107e+00,1.48849e+00,1.67466e+00,1.06413e-01,2.24160e+00,1.32350e+00,1.22840e+02,1.76290e+00,1.29810e+01,8.99690e-01,2.63175e+00,-2.81816e-01,8.70619e-01,1.67218e-01,6.44336e-01,1.64962e+00,1.61926e+00,5.17140e+00
0,eos/eosA,5.73684e+15,1.89676e+00,2.18632e+00,9.96603e+00,1.52368e+00,1.53844e+00,1.13395e-01,2.36619e+00,1.36480e+00,1.34382e+02,1.16219e+00,1.28430e+01,9.23594e-01,2.71999e+00,-3.51423e-01,8.73455e-01,1.82703e-01,5.79687e-01,1.52931e+00,1.49936e+00,5.17935e+00
0,eos/eosA,6.21053e+15,1.62150e+00,1.88998e+00,7.74873e+00,0.00000e+00,2.15010e+00,0.00000e+00,0.00000e+00,---,0,6.60862e+00,6.60862e+00,6.16724e-01,6.16724e-01,6.16724e-01,0.00000e+00,1.38283e-01,1.00000e+00,1.74800e+00,1.98942e+00,5.61730e+00
0,eos/eosA,6.21053e+15,-nan,-nan,-nan,-nan,-nan,-nan,-nan,-nan,-nan,-nan,-nan,-nan,-nan,-nan,-nan,-nan,1.00000e+00,-nan,-nan,-nan
0,eos/eosA,6.21053e+15,-nan,-nan,-nan,-nan,-nan,-nan,-nan,-nan,-nan,-nan,-nan,-nan,-nan,-nan,-nan,-nan,1.00000e+00,-nan,-nan,-nan
0,eos/eosA,6.21053e+15,1.63536e+00,1.90593e+00,7.79606e+00,3.50456e-01,2.09820e+00,4.71624e-03,3.64863e-01,9.14973e-01,4.88371e+00,5.60119e+00,7.75152e+00,6.28866e-01,8.80012e-01,3.98214e-01,8.40746e-01,1.38830e-01,9.83325e-01,1.80392e+00,1.97994e+00,5.44074e+00
0,eos/eosA,6.21053e+15,1.64147e+00,1.91204e+00,7.82463e+00,4.62809e-01,2.08093e+00,8.26474e-03,4.86485e-01,9.23805e-01,7.97637e+00,5.28010e+00,8.13472e+00,6.37129e-01,9.76924e-01,3.33679e-01,8.42136e-01,1.39166e-01,9.72083e-01,1.81786e+00,1.97349e+00,5.38830e+00
0,eos/eosA,6.21053e+15,1.64921e+00,1.91973e+00,7.86139e+00,5.71562e-01,2.06338e+00,1.26837e-02,6.08119e-01,9.35057e-01,1.19289e+01,4.97271e+00,8.51944e+00,6.47531e-01,1.07852e+00,2.73142e-01,8.43835e-01,1.39608e-01,9.58057e-01,1.82885e+00,1.96495e+00,5.34100e+00
0,eos/eosA,6.21053e+15,1.65842e+00,1.92883e+00,7.90589e+00,6.76053e-01,2.04550e+00,1.78783e-02,7.29704e-01,9.48591e-01,1.66614e+01,4.67834e+00,8.90441e+00,6.59951e-01,1.18466e+00,2.16390e-01,8.45830e-01,1.40156e-01,9.41675e-01,1.83698e+00,1.95453e+00,5.29872e+00
0,eos/eosA,6.21053e+15,1.66906e+00,1.93936e+00,7.95813e+00,7.75852e-01,2.02717e+00,2.37501e-02,8.51339e-01,9.64353e-01,2.21196e+01,4.39695e+00,9.28895e+00,6.74271e-01,1.29530e+00,1.63123e-01,8.48076e-01,1.40814e-01,9.23340e-01,1.84230e+00,1.94223e+00,5.26130e+00
0,eos/eosA,6.21053e+15,1.68117e+00,1.95152e+00,8.01794e+00,8.70397e-01,2.00828e+00,3.01769e-02,9.72913e-01,9.82357e-01,2.81942e+01,4.12916e+00,9.67016e+00,6.90374e-01,1.41014e+00,1.13193e-01,8.50539e-01,1.41585e-01,9.03418e-01,1.84482e+00,1.92817e+00,5.22889e+00
0,eos/eosA,6.21053e+15,1.69451e+00,1.96493e+00,8.08557e+00,9.59689e-01,1.98862e+00,3.70766e-02,1.09470e+00,1.00249e+00,3.49145e+01,3.87237e+00,1.00469e+01,7.08071e-01,1.52909e+00,6.61392e-02,8.53157e-01,1.42487e-01,8.82031e-01,1.84459e+00,1.91230e+00,5.20093e+00
0,eos/eosA,6.21053e+15,1.70907e+00,1.97972e+00,8.16087e+00,1.04309e+00,1.96808e+00,4.43007e-02,1.21617e+00,1.02468e+00,4.21713e+01,3.62880e+00,1.04177e+01,7.27160e-01,1.65127e+00,2.19596e-02,8.55913e-01,1.43527e-01,8.59766e-01,1.84161e+00,1.89466e+00,5.17754e+00
0,eos/eosA,6.21053e+15,1.72484e+00,1.99588e+00,8.24457e+00,1.12095e+00,1.94633e+00,5.17848e-02,1.33791e+00,1.04895e+00,4.99485e+01,3.39395e+00,1.07825e+01,7.47545e-01,1.77680e+00,-1.98737e-02,8.58762e-01,1.44731e-01,8.36572e-01,1.83585e+00,1.87523e+00,5.15846e+00
0,eos/eosA,6.21053e+15,1.74131e+00,2.01276e+00,8.33657e+00,1.19326e+00,1.92327e+00,5.94444e-02,1.45950e+00,1.07494e+00,5.82202e+01,3.16847e+00,1.11378e+01,7.69000e-01,1.90490e+00,-5.96268e-02,8.61652e-01,1.46118e-01,8.12695e-01,1.82731e+00,1.85389e+00,5.14278e+00
0,eos/eosA,6.21053e+15,1.75900e+00,2.03122e+00,8.43869e+00,1.25981e+00,1.89835e+00,6.71559e-02,1.58125e+00,1.10308e+00,6.69228e+01,2.94972e+00,1.14818e+01,7.91393e-01,2.03483e+00,-9.75133e-02,8.64593e-01,1.47734e-01,7.88281e-01,1.81566e+00,1.83045e+00,5.13142e+00
0,eos/eosA,6.21053e+15,1.77746e+00,2.05062e+00,8.55198e+00,1.32074e+00,1.87118e+00,7.48517e-02,1.70276e+00,1.13305e+00,7.60485e+01,2.73678e+00,1.18126e+01,8.14463e-01,2.16541e+00,-1.33897e-01,8.67528e-01,1.49632e-01,7.63281e-01,1.80064e+00,1.80458e+00,5.12353e+00
0,eos/eosA,6.21053e+15,1.79662e+00,2.07083e+00,8.67985e+00,1.37633e+00,1.84065e+00,8.25073e-02,1.82428e+00,1.16488e+00,8.55597e+01,2.52270e+00,1.21271e+01,8.37993e-01,2.29563e+00,-1.69431e-01,8.70444e-01,1.51927e-01,7.37500e-01,1.78151e+00,1.77549e+00,5.11867e+00
0,eos/eosA,6.21053e+15,1.81561e+00,2.09070e+00,8.82552e+00,1.42799e+00,1.80591e+00,9.01668e-02,1.94578e+00,1.19752e+00,9.55292e+01,2.30273e+00,1.24196e+01,8.62348e-01,2.42604e+00,-2.05115e-01,8.73207e-01,1.54730e-01,7.10156e-01,1.75755e+00,1.74251e+00,5.11554e+00
0,eos/eosA,6.21053e+15,1.83529e+00,2.11143e+00,9.00248e+00,1.47450e+00,1.76336e+00,9.76958e-02,2.06754e+00,1.23231e+00,1.05916e+02,2.06482e+00,1.26797e+01,8.86865e-01,2.55240e+00,-2.41864e-01,8.75942e-01,1.58440e-01,6.80469e-01,1.72561e+00,1.70265e+00,5.11548e+00
0,eos/eosA,6.21053e+15,1.85577e+00,2.13342e+00,9.23733e+00,1.51582e+00,1.70631e+00,1.04958e-01,2.18918e+00,1.26925e+00,1.16662e+02,1.78592e+00,1.28792e+01,9.11411e-01,2.67041e+00,-2.82273e-01,8.78641e-01,1.63859e-01,6.46094e-01,1.67952e+00,1.65019e+00,5.11878e+00
0,eos/eosA,6.21053e+15,1.87678e+00,2.15614e+00,9.86479e+00,1.55239e+00,1.55252e+00,1.11981e-01,2.31082e+00,1.30821e+00,1.27761e+02,1.12750e+00,1.26830e+01,9.35775e-01,2.75584e+00,-3.58570e-01,8.81291e-01,1.80935e-01,5.75000e-01,1.54376e+00,1.51421e+00,5.12497e+00
0,eos/eosA,inf,inf,1.17934e+01,6.38409e-01,1.47608e+00,-nan,inf,inf,4.69345e+01,0,1.11931e+01,1.48764e+01,9.54988e-01,1.81573e+00,2.47027e-01,3.41894e+00,1.79669e-01,9.00000e-01,1.16254e+00,1.51913e+00,9.21788e+00
0,eos/eosA,9.52632e+15,inf,inf,1.17934e+01,6.38409e-01,1.47608e+00,-nan,inf,inf,4.69345e+01,1.11931e+01,1.48764e+01,9.54988e-01,1.81573e+00,2.47027e-01,3.41894e+00,1.79669e-01,9.00000e-01,1.16254e+00,1.51913e+00,9.21788e+00
0,eos/eosA,9.52632e+15,inf,inf,1.17934e+01,6.38409e-01,1.47608e+00,-nan,inf,inf,4.69345e+01,1.11931e+01,1.48764e+01,9.54988e-01,1.81573e+00,2.47027e-01,3.41894e+00,1.79669e-01,9.00000e-01,1.16254e+00,1.51913e+00,9.21788e+00
0,eos/eosA,9.52632e+15,inf,inf,1.17934e+01,6.38409e-01,1.47608e+00,-nan,inf,inf,4.69345e+01,1.11931e+01,1.48764e+01,9.54988e-01,1.81573e+00,2.47027e-01,3.41894e+00,1.79669e-01,9.00000e-01,1.16254e+00,1.51913e+00,9.21788e+00
0,eos/eosA,9.52632e+15,inf,inf,1.17934e+01,6.38409e-01,1.47608e+00,-nan,inf,inf,4.69345e+01,1.11931e+01,1.48764e+01,9.54988e-01,1.81573e+00,2.47027e-01,3.41894e+00,1.79669e-01,9.00000e-01,1.16254e+00,1.51913e+00,9.21788e+00
0,eos/eosA,9.52632e+15,inf,inf,1.17934e+01,6.38409e-01,1.47608e+00,-nan,inf,inf,4.69345e+01,1.11931e+01,1.48764e+01,9.54988e-01,1.81573e+00,2.47027e-01,3.41894e+00,1.79669e-01,9.00000e-01,1.16254e+00,1.51913e+00,9.21788e+00
0,eos/eosA,9.52632e+15,inf,inf,1.17934e+01,6.38409e-01,1.47608e+00,-nan,inf,inf,4.69345e+01,1.11931e+01,1.48764e+01,9.54988e-01,1.81573e+00,2.47027e-01,3.41894e+00,1.79669e-01,9.00000e-01,1.16254e+00,1.51913e+00,9.21788e+00
0,eos/eosA,9.52632e+15,inf,inf,1.17934e+01,6.38409e-01,1.47608e+00,-nan,inf,inf,4.69345e+01,1.11931e+01,1.48764e+01,9.54988e-01,1.81573e+00,2.47027e-01,3.41894e+00,1.79669e-01,9.00000e-01,1.16254e+00,1.51913e+00,9.21788e+00
0,eos/eosA,9.52632e+15,inf,inf,1.17934e+01,6.38409e-01,1.47608e+00,-nan,inf,inf,4.69345e+01,1.11931e+01,1.48764e+01,9.54988e-01,1.81573e+00,2.47027e-01,3.41894e+00,1.79669e-01,9.00000e-01,1.16254e+00,1.51913e+00,9.21788e+00
0,eos/eosA,9.52632e+15,inf,inf,1.17934e+01,6.38409e-01,1.47608e+00,-nan,inf,inf,4.69345e+01,1.11931e+01,1.48764e+01,9.54988e-01,1.81573e+00,2.47027e-01,3.41894e+00,1.79669e-01,9.00000e-01,1.16254e+00,1.51913e+00,9.21788e+00
0,eos/eosA,9.52632e+15,inf,inf,1.17934e+01,6.38409e-01,1.47608e+00,-nan,inf,inf,4.69345e+01,1.11931e+01,1.48764e+01,9.54988e-01,1.81573e+00,2.47027e-01,3.41894e+00,1.79669e-01,9.00000e-01,1.16254e+00,1.51913e+00,9.21788e+00
0,eos/eosA,9.52632e+15,inf,inf,1.17934e+01,6.38409e-01,1.47608e+00,-nan,inf,inf,4.69345e+01,1.11931e+01,1.48764e+01,9.54988e-01,1.81573e+00,2.47027e-01,3.41894e+00,1.79669e-01,9.00000e-01,1.16254e+00,1.51913e+00,9.21788e+00
0,eos/eosA,9.52632e+15,inf,inf,1.17934e+01,6.38409e-01,1.47608e+00,-nan,inf,inf,4.69345e+01,1.11931e+01,1.48764e+01,9.54988e-01,1.81573e+00,2.47027e-01,3.41894e+00,1.79669e-01,9.00000e-01,1.16254e+00,1.51913e+00,9.21788e+00
0,eos/eosA,9.52632e+15,inf,inf,1.17934e+01,6.38409e-01,1.47608e+00,-nan,inf,inf,4.69345e+01,1.11931e+01,1.48764e+01,9.54988e-01,1.81573e+00,2.47027e-01,3.41894e+00,1.79669e-01,9.00000e-01,1.16254e+00,1.51913e+00,9.21788e+00
0,eos/eosA,9.52632e+15,inf,inf,1.17934e+01,6.38409e-01,1.47608e+00,-nan,inf,inf,4.69345e+01,1.11931e+01,1.48764e+01,9.54988e-01,1.81573e+00,2.47027e-01,3.41894e+00,1.79669e-01,9.00000e-01,1.16254e+00,1.51913e+00,9.21788e+00
0,eos/eosA,9.52632e+15,inf,inf,1.17934e+01,6.38409e-01,1.47608e+00,-nan,inf,inf,4.69345e+01,1.11931e+01,1.48764e+01,9.54988e-01,1.81573e+00,2.47027e-01,3.41894e+00,1.79669e-01,9.00000e-01,1.16254e+00,1.51913e+00,9.21788e+00
0,eos/eosA,9.52632e+15,inf,inf,1.17934e+01,6.38409e-01,1.47608e+00,-nan,inf,inf,4.69345e+01,1.11931e+01,1.48764e+01,9.54988e-01,1.81573e+00,2.47027e-01,3.41894e+00,1.79669e-01,9.00000e-01,1.16254e+00,1.51913e+00,9.21788e+00
0,eos/eosA,9.52632e+15,inf,inf,1.17934e+01,6.38409e-01,1.47608e+00,-nan,inf,inf,4.69345e+01,1.11931e+01,1.48764e+01,9.54988e-01,1.81573e+00,2.47027e-01,3.41894e+00,1.79669e-01,9.00000e-01,1.16254e+00,1.51913e+00,9.21788e+00
0,eos/eosA,9.52632e+15,inf,inf,1.17934e+01,6.38409e-01,1.47608e+00,-nan,inf,inf,4.69345e+01,1.11931e+01,1.48764e+01,9.54988e-01,1.81573e+00,2.47027e-01,3.41894e+00,1.79669e-01,9.00000e-01,1.16254e+00,1.51913e+00,9.21788e+00
0,eos/eosA,9.52632e+15,inf,inf,1.17934e+01,6.38409e-01,1.47608e+00,-nan,inf,inf,4.69345e+01,1.11931e+01,1.48764e+01,9.54988e-01,1.81573e+00,2.47027e-01,3.41894e+00,1.79669e-01,9.00000e-01,1.16254e+00,1.51913e+00,9.21788e+00
