3.78136e+01 1.16229e+14  
4.82196e+01 1.99449e+14  
6.05693e+01 3.42256e+14  
7.63304e+01 5.87313e+14  
9.65191e+01 1.00783e+15  
1.22477e+02 1.72945e+15  
1.55981e+02 2.96775e+15  
1.99398e+02 5.09267e+15  
2.55666e+02 8.73906e+15  
3.29074e+02 1.49963e+16  
4.25443e+02 2.57337e+16  
5.52641e+02 4.41593e+16  
7.21484e+02 7.57776e+16  
9.46936e+02 1.30035e+17  
1.25352e+03 2.23141e+17  
1.68048e+03 3.82911e+17  
2.26398e+03 6.57078e+17  
3.06221e+03 1.12755e+18  
4.15432e+03 1.93488e+18  
5.64744e+03 3.32027e+18  
7.68550e+03 5.69761e+18  
1.04599e+04 9.77715e+18  
1.41674e+04 1.67776e+19  
1.92218e+04 2.87906e+19  
2.61370e+04 4.94048e+19  
3.56653e+04 8.47790e+19  
4.87908e+04 1.45481e+20  
6.69038e+04 2.49647e+20  
9.19137e+04 4.28396e+20  
1.26573e+05 7.35130e+20  
1.74737e+05 1.26149e+21  
2.41865e+05 2.16472e+21  
3.35716e+05 3.71468e+21  
4.67325e+05 6.37441e+21  
6.52500e+05 1.09385e+22  
9.14192e+05 1.87706e+22  
1.28563e+06 3.22105e+22  
1.81532e+06 5.52734e+22  
2.57446e+06 9.48496e+22  
3.60861e+06 1.62763e+23  
5.16665e+06 2.79302e+23  
7.71749e+06 4.79283e+23  
1.14054e+07 8.22454e+23  
1.63684e+07 1.41134e+24  
2.38704e+07 2.42186e+24  
3.49726e+07 4.15593e+24  
5.14370e+07 7.13161e+24  
7.59167e+07 1.22379e+25  
1.12391e+08 2.10003e+25  
1.64868e+08 3.60367e+25  
2.46655e+08 6.18392e+25  
3.84302e+08 1.06116e+26  
5.68803e+08 1.82097e+26  
8.46034e+08 3.12479e+26  
1.39243e+09 5.36216e+26  
2.06243e+09 9.20150e+26  
3.08653e+09 1.57898e+27  
4.59894e+09 2.70955e+27  
6.99010e+09 4.64960e+27  
1.07403e+10 7.97875e+27  
1.61001e+10 1.36916e+28  
2.48646e+10 2.34949e+28  
3.74707e+10 4.03173e+28  
5.90679e+10 6.91848e+28  
8.82262e+10 1.18722e+29  
1.32441e+11 2.03727e+29  
2.20507e+11 3.49597e+29  
3.42355e+11 5.99911e+29  
8.79316e+11 1.02945e+30  
1.92538e+12 1.76655e+30  
3.37968e+12 3.03141e+30  
5.27979e+12 5.20191e+30  
7.91622e+12 8.92652e+30  
1.16132e+13 1.53180e+31  
1.68401e+13 2.62857e+31  
2.42334e+13 4.51065e+31  
3.46844e+13 7.74031e+31  
4.94215e+13 1.32824e+32  
7.00334e+13 2.27927e+32  
9.84826e+13 3.91125e+32  
1.36928e+14 6.71173e+32  
1.87999e+14 1.15174e+33  
2.57597e+14 1.97639e+33  
3.44495e+14 3.39150e+33  
4.52837e+14 5.81983e+33  
5.55414e+14 9.98687e+33  
6.02882e+14 1.71375e+34  
7.37430e+14 2.94081e+34  
1.02577e+15 5.04646e+34  
1.30968e+15 8.65975e+34  
1.61675e+15 1.48602e+35  
1.97964e+15 2.55002e+35  
2.46421e+15 4.37585e+35  
3.12265e+15 7.50899e+35  
3.98460e+15 1.28855e+36  
5.17264e+15 2.21116e+36  
6.91126e+15 3.79436e+36  
9.54030e+15 6.51115e+36  
1.37385e+16 1.11732e+37  
2.06111e+16 1.91732e+37  
3.19508e+16 3.29014e+37  
5.11249e+16 5.64591e+37  