1.1 0.55
1.59515 0.797576
2.31319 1.1566
3.35445 1.67722
4.86441 2.43221
7.05407 3.52703
10.2294 5.11469
14.834 7.417
21.5114 10.7557
31.1944 15.5972
45.2362 22.6181
65.5988 32.7994
95.1273 47.5637
137.948 68.9739
200.043 100.022
290.09 145.045
420.671 210.336
610.031 305.016
884.63 442.315
1282.84 641.418
1860.29 930.144
2697.68 1348.84
3912 1956
5672.94 2836.47
8226.55 4113.28
11929.6 5964.82
17299.6 8649.81
25086.8 12543.4
36379.4 18189.7
52755.1 26377.6
76502.3 38251.1
110939 55469.4
160877 80438.3
233293 116647
338308 169154
490593 245296
711427 355714
1.03167e+06 515834
1.49606e+06 748031
2.1695e+06 1.08475e+06
3.14607e+06 1.57303e+06
4.56223e+06 2.28112e+06
6.61587e+06 3.30793e+06
9.59392e+06 4.79696e+06
1.39125e+07 6.95626e+06
2.01751e+07 1.00875e+07
2.92566e+07 1.46283e+07
4.24262e+07 2.12131e+07
6.15238e+07 3.07619e+07
8.9218e+07 4.4609e+07
1.29378e+08 6.46892e+07
1.87617e+08 9.38083e+07
2.7207e+08 1.36035e+08
3.94539e+08 1.9727e+08
5.72136e+08 2.86068e+08
8.29677e+08 4.14838e+08
1.20315e+09 6.01573e+08
1.74473e+09 8.72364e+08
2.5301e+09 1.26505e+09
3.66899e+09 1.83449e+09
5.32054e+09 2.66027e+09
7.71552e+09 3.85776e+09
1.11886e+10 5.59428e+09
1.6225e+10 8.11249e+09
2.35285e+10 1.17642e+10
3.41195e+10 1.70598e+10
4.9478e+10 2.4739e+10
7.17499e+10 3.5875e+10
1.04047e+11 5.20237e+10
1.50883e+11 7.54415e+10
2.18801e+11 1.09401e+11
3.17292e+11 1.58646e+11
4.60117e+11 2.30059e+11
6.67233e+11 3.33617e+11
9.67581e+11 4.8379e+11
1.40313e+12 7.01563e+11
2.03473e+12 1.01736e+12
2.95063e+12 1.47532e+12
4.27883e+12 2.13941e+12
6.20489e+12 3.10245e+12
8.99795e+12 4.49897e+12
1.30483e+13 6.52413e+12
1.89218e+13 9.4609e+12
2.74392e+13 1.37196e+13
3.97907e+13 1.98953e+13
5.77019e+13 2.8851e+13
8.36758e+13 4.18379e+13
1.21341e+14 6.06707e+13
1.75962e+14 8.79809e+13
2.55169e+14 1.27585e+14
3.7003e+14 1.85015e+14
5.36595e+14 2.68298e+14
7.78137e+14 3.89069e+14
1.12841e+15 5.64203e+14
1.63635e+15 8.18173e+14
2.37293e+15 1.18646e+15
3.44107e+15 1.72054e+15
4.99003e+15 2.49501e+15
7.23623e+15 3.61812e+15
1.04935e+16 5.24677e+15
1.52171e+16 7.60854e+15
2.20669e+16 1.10334e+16
