eos,rho_c,M,M_0,R,Omega,Omega_p,T/W,J,I,Phi_2,h_plus,h_minus,Z_p,Z_b,Z_f,omega_c/Omega,r_e,r_ratio,Omega_pa,Omega+,u_phi
/home/ken/Programme/rns/EOS/106/EOS78900.rns,167849000000000.0,0.0977441,0.0974135,101.18,0.0,0.0111873,0.0,0.0,---,0,0.0,0.0,0.00142834,0.00142834,0.00142834,0.0,2.75313,1.0,0.0111873,0.0111873,2.59497
/home/ken/Programme/rns/EOS/106/EOS78900.rns,201773000000000.0,0.114021,0.113764,38.2482,0.0,0.0519871,0.0,0.0,---,0,0.0,0.0,0.0044274,0.0044274,0.0044274,0.0,1.03763,1.0,0.0519871,0.0519871,1.73096
/home/ken/Programme/rns/EOS/106/EOS78900.rns,235698000000000.0,0.133958,0.133859,25.5076,0.0,0.103466,0.0,0.0,---,0,0.0,0.0,0.00783937,0.00783937,0.00783937,0.0,0.68966,1.0,0.103466,0.103466,1.54004
/home/ken/Programme/rns/EOS/106/EOS78900.rns,269622000000000.0,0.156325,0.156486,20.2362,0.0,0.158175,0.0,0.0,---,0,0.0,0.0,0.0115957,0.0115957,0.0115957,0.0,0.545114,1.0,0.158175,0.158175,1.49018
/home/ken/Programme/rns/EOS/106/EOS78900.rns,303547000000000.0,0.187619,0.188286,16.8932,0.0,0.22719,0.0,0.0,---,0,0.0,0.0,0.0167996,0.0167996,0.0167996,0.0,0.452748,1.0,0.22719,0.22719,1.5033
/home/ken/Programme/rns/EOS/106/EOS78900.rns,337471000000000.0,0.229913,0.231518,14.8122,0.0,0.30632,0.0,0.0,---,0,0.0,0.0,0.0237183,0.0237183,0.0237183,0.0,0.394319,1.0,0.30632,0.30632,1.57454
/home/ken/Programme/rns/EOS/106/EOS78900.rns,371395000000000.0,0.283806,0.287018,13.5626,0.0,0.388433,0.0,0.0,---,0,0.0,0.0,0.0323802,0.0323802,0.0323802,0.0,0.358066,1.0,0.388433,0.388433,1.69588
/home/ken/Programme/rns/EOS/106/EOS78900.rns,405320000000000.0,0.360888,0.367226,12.7431,0.0,0.480943,0.0,0.0,---,0,0.0,0.0,0.0445978,0.0445978,0.0445978,0.0,0.33257,1.0,0.480943,0.480943,1.88805
/home/ken/Programme/rns/EOS/106/EOS78900.rns,439244000000000.0,0.477605,0.490465,12.2749,0.0,0.585231,0.0,0.0,---,0,0.0,0.0,0.0628731,0.0628731,0.0628731,0.0,0.314986,1.0,0.585231,0.585231,2.19126
/home/ken/Programme/rns/EOS/106/EOS78900.rns,473169000000000.0,0.638964,0.664348,12.1439,0.0,0.687897,0.0,0.0,---,0,0.0,0.0,0.0880204,0.0880204,0.0880204,0.0,0.304681,1.0,0.687897,0.687897,2.61878
/home/ken/Programme/rns/EOS/106/EOS78900.rns,507093000000000.0,0.861916,0.911363,12.262,0.0,0.787432,0.0,0.0,---,0,0.0,0.0,0.123247,0.123247,0.123247,0.0,0.298473,1.0,0.787432,0.787432,3.2252
/home/ken/Programme/rns/EOS/106/EOS78900.rns,541017000000000.0,1.12923,1.21812,12.5261,0.0,0.87296,0.0,0.0,---,0,0.0,0.0,0.167222,0.167222,0.167222,0.0,0.294176,1.0,0.87296,0.87296,3.99473
/home/ken/Programme/rns/EOS/106/EOS78900.rns,574942000000000.0,1.40678,1.54914,12.8209,0.0,0.940917,0.0,0.0,---,0,0.0,0.0,0.216042,0.216042,0.216042,0.0,0.290055,1.0,0.940917,0.940917,4.87596
/home/ken/Programme/rns/EOS/106/EOS78900.rns,608866000000000.0,1.65704,1.86069,13.0638,0.0,0.992876,0.0,0.0,---,0,-27725.3,-27725.3,0.264171,0.264171,0.264171,0.0,0.285475,1.0,1.80238,-0.0112624,73.9152
/home/ken/Programme/rns/EOS/106/EOS78900.rns,642791000000000.0,1.86803,2.13266,13.2596,0.0,1.03093,0.0,0.0,---,0,-27226.1,-27226.1,0.308211,0.308211,0.308211,0.0,0.281204,1.0,1.71685,-0.012263,77.8469
/home/ken/Programme/rns/EOS/106/EOS78900.rns,676715000000000.0,2.03377,2.35244,13.3983,0.0,1.05898,0.0,0.0,---,0,-26781.5,-26781.5,0.345799,0.345799,0.345799,0.0,0.277321,1.0,1.65215,-0.0130929,80.627
/home/ken/Programme/rns/EOS/106/EOS78900.rns,710640000000000.0,2.15623,2.51896,13.481,0.0,1.08035,0.0,0.0,---,0,5.61017,5.61017,0.376099,0.376099,0.376099,0.0,0.273827,1.0,1.02282,1.00472,7.46988
/home/ken/Programme/rns/EOS/106/EOS78900.rns,201773000000000.0,0.114039,0.11378,39.6719,0.0136232,0.0492169,0.000219329,0.000976052,0.0629661,0.0819295,0.0,0.0,0.0044327,0.0226178,-0.0137523,0.0464644,1.07643,0.962915,0.0492169,0.0492169,1.7625
/home/ken/Programme/rns/EOS/106/EOS78900.rns,235698000000000.0,0.134077,0.133979,25.8291,0.0173385,0.101582,0.000271179,0.00134718,0.0682851,0.0764251,0.0,0.0,0.00786159,0.0230342,-0.00731078,0.0551646,0.698417,0.98548,0.101582,0.101582,1.54998
/home/ken/Programme/rns/EOS/106/EOS78900.rns,201773000000000.0,0.114198,0.11394,48.1565,0.0270041,0.0368272,0.000867742,0.00195192,0.0635251,0.339263,0.0,0.0,0.00446912,0.0481943,-0.0392557,0.0465367,1.30762,0.787256,0.0368272,0.0368272,1.94101
/home/ken/Programme/rns/EOS/106/EOS78900.rns,235698000000000.0,0.134323,0.134224,27.011,0.0344536,0.0950788,0.00107508,0.00269402,0.0687192,0.295023,0.0,0.0,0.00791132,0.0394323,-0.0236086,0.0552662,0.730613,0.937744,0.0950788,0.0950788,1.58563
/home/ken/Programme/rns/EOS/106/EOS78900.rns,269622000000000.0,0.156884,0.157049,20.8555,0.0410858,0.151455,0.00126512,0.0036694,0.0784902,0.371356,0.0,0.0,0.0117093,0.0409531,-0.0175323,0.0645658,0.561965,0.96377,0.151455,0.151455,1.5143
/home/ken/Programme/rns/EOS/106/EOS78900.rns,303547000000000.0,0.188341,0.189015,17.225,0.0492067,0.221085,0.00150817,0.00528523,0.0943958,0.484603,0.0,0.0,0.0169538,0.0461834,-0.0122712,0.0768929,0.461759,0.974878,0.221085,0.221085,1.51938
/home/ken/Programme/rns/EOS/106/EOS78900.rns,337471000000000.0,0.23094,0.232557,15.0264,0.0584285,0.300467,0.00179949,0.00793668,0.119379,0.73341,0.0,0.0,0.023939,0.0546352,-0.00674755,0.0923908,0.400113,0.980084,0.300467,0.300467,1.58724
/home/ken/Programme/rns/EOS/106/EOS78900.rns,371395000000000.0,0.285362,0.288607,13.7208,0.0683091,0.382767,0.00213108,0.0120927,0.155581,1.04857,0.0,0.0,0.0327162,0.0660517,-0.000600071,0.110905,0.362308,0.982532,0.382767,0.382767,1.70701
/home/ken/Programme/rns/EOS/106/EOS78900.rns,405320000000000.0,0.36307,0.36946,12.8765,0.0800876,0.474872,0.0025537,0.0195553,0.214591,1.71818,0.0,0.0,0.0450768,0.0826439,0.00755013,0.135653,0.336105,0.983435,0.474872,0.474872,1.89787
/home/ken/Programme/rns/EOS/106/EOS78900.rns,439244000000000.0,0.481202,0.494206,12.394,0.0942718,0.578757,0.00309088,0.0342475,0.319272,2.85587,0.0,0.0,0.0636595,0.107763,0.0196471,0.170389,0.318064,0.983478,0.578757,0.578757,2.19927
/home/ken/Programme/rns/EOS/106/EOS78900.rns,473169000000000.0,0.644464,0.670143,12.2601,0.109532,0.680395,0.00371064,0.0613043,0.491885,4.76942,0.0,0.0,0.0892469,0.142435,0.0362651,0.214535,0.307585,0.982812,0.680395,0.680395,2.62115
/home/ken/Programme/rns/EOS/106/EOS78900.rns,507093000000000.0,0.870525,0.920657,12.3798,0.125344,0.778492,0.00437413,0.111544,0.782087,7.92963,0.0,0.0,0.125216,0.190895,0.0600045,0.270919,0.301261,0.981787,0.778492,0.778492,3.2133
/home/ken/Programme/rns/EOS/106/EOS78900.rns,541017000000000.0,1.14118,1.23128,12.6475,0.139748,0.861962,0.00498538,0.191456,1.20402,12.7033,0.0,0.0,0.17013,0.251189,0.0900558,0.334064,0.296873,0.980524,0.861962,0.861962,3.95078
/home/ken/Programme/rns/EOS/106/EOS78900.rns,574942000000000.0,1.42228,1.56666,12.9424,0.151644,0.927762,0.00546669,0.297136,1.72204,17.1929,0.0,-28508.3,0.22011,0.318254,0.123805,0.396864,0.292547,0.97998,0.927762,0.927762,4.77431
/home/ken/Programme/rns/EOS/106/EOS78900.rns,608866000000000.0,1.67438,1.88009,13.1883,0.160502,0.97709,0.00578077,0.412233,2.25722,22.622,-27964.5,3.02277,0.269087,0.383984,0.15717,0.451876,0.287913,0.979218,1.80724,-0.0111741,74.5999
/home/ken/Programme/rns/EOS/106/EOS78900.rns,642791000000000.0,1.88866,2.15692,13.3787,0.166534,1.01365,0.00594376,0.523912,2.76483,25.4964,-27431.3,4.8373,0.314452,0.444633,0.188573,0.497456,0.283303,0.979456,1.72774,-0.0121894,78.5449
/home/ken/Programme/rns/EOS/106/EOS78900.rns,676715000000000.0,2.05652,2.38009,13.5108,0.171087,1.04036,0.00605184,0.620968,3.18982,26.0464,-26956.7,6.27268,0.35313,0.496695,0.215217,0.533644,0.279117,0.980237,1.66833,-0.013034,81.3123
/home/ken/Programme/rns/EOS/106/EOS78900.rns,710640000000000.0,2.17986,2.54797,13.5901,0.174566,1.06046,0.00611934,0.698045,3.51428,27.2621,-26550.6,7.35459,0.38414,0.538707,0.236471,0.561649,0.275464,0.980566,1.62648,-0.0137095,83.1334
/home/ken/Programme/rns/EOS/106/EOS78900.rns,235698000000000.0,0.134792,0.134696,30.1826,0.0511318,0.0806388,0.00238012,0.00404163,0.0694669,0.630594,0.0,0.0,0.00800864,0.0602455,-0.0442262,0.0554473,0.817016,0.831152,0.0806388,0.0806388,1.67716
/home/ken/Programme/rns/EOS/106/EOS78900.rns,269622000000000.0,0.157467,0.157635,21.8353,0.0609888,0.141656,0.00280085,0.00550373,0.0793084,0.770028,0.0,0.0,0.0118332,0.0572686,-0.0335975,0.0648021,0.588641,0.913599,0.141656,0.141656,1.55121
/home/ken/Programme/rns/EOS/106/EOS78900.rns,303547000000000.0,0.189252,0.189935,17.6823,0.0728333,0.213126,0.00332193,0.00792809,0.0956646,1.05424,0.0,0.0,0.0171463,0.061554,-0.0272515,0.0772474,0.474181,0.942773,0.213126,0.213126,1.54224
/home/ken/Programme/rns/EOS/106/EOS78900.rns,337471000000000.0,0.2322,0.233837,15.3052,0.0863716,0.293189,0.00395485,0.0119048,0.121133,1.52856,0.0,0.0,0.0242126,0.0704327,-0.0219865,0.0928802,0.407655,0.955591,0.293189,0.293189,1.6053
/home/ken/Programme/rns/EOS/106/EOS78900.rns,371395000000000.0,0.28721,0.290496,13.9207,0.100712,0.375949,0.00466182,0.0181387,0.158284,2.26646,0.0,0.0,0.0331205,0.082999,-0.016716,0.111609,0.367675,0.961536,0.375949,0.375949,1.72386
/home/ken/Programme/rns/EOS/106/EOS78900.rns,405320000000000.0,0.365743,0.372209,13.0386,0.117861,0.468045,0.00556909,0.029334,0.218733,3.53579,0.0,0.0,0.0456695,0.101686,-0.0102585,0.136634,0.340403,0.964099,0.468045,0.468045,1.91504
/home/ken/Programme/rns/EOS/106/EOS78900.rns,439244000000000.0,0.485244,0.498399,12.5388,0.138271,0.571667,0.00670951,0.051377,0.326552,6.12096,0.0,0.0,0.064564,0.130086,-0.000758819,0.171828,0.32182,0.96438,0.571667,0.571667,2.21839
/home/ken/Programme/rns/EOS/106/EOS78900.rns,473169000000000.0,0.650935,0.677,12.3953,0.160069,0.673231,0.0079962,0.0919548,0.504869,9.92776,0.0,0.0,0.0907162,0.169491,0.0123896,0.216625,0.31096,0.963525,0.673231,0.673231,2.64246
/home/ken/Programme/rns/EOS/106/EOS78900.rns,507093000000000.0,0.880152,0.931068,12.5145,0.182657,0.770831,0.00938181,0.167306,0.804983,16.5952,0.0,0.0,0.127502,0.224631,0.0313922,0.273812,0.304449,0.961621,0.770831,0.770831,3.23514
/home/ken/Programme/rns/EOS/106/EOS78900.rns,541017000000000.0,1.1543,1.24571,12.7856,0.203325,0.853457,0.0106743,0.287192,1.24135,26.3633,0.0,0.0,0.173458,0.29344,0.0556233,0.337775,0.29995,0.959338,0.853457,0.853457,3.96753
/home/ken/Programme/rns/EOS/106/EOS78900.rns,574942000000000.0,1.4391,1.58564,13.0787,0.220517,0.918696,0.0116864,0.44574,1.77645,35.5378,0.0,1.57869,0.224766,0.370342,0.0832037,0.401265,0.295349,0.958447,0.918696,0.918696,4.77562
/home/ken/Programme/rns/EOS/106/EOS78900.rns,608866000000000.0,1.69336,1.90152,13.3245,0.233598,0.967082,0.0123925,0.618428,2.32666,45.9962,-28220.7,3.79956,0.27486,0.44587,0.110377,0.45665,0.290548,0.957141,1.79796,-0.0110847,75.3642
/home/ken/Programme/rns/EOS/106/EOS78900.rns,642791000000000.0,1.90928,2.18033,13.5135,0.242484,1.00309,0.012761,0.785959,2.84859,53.7982,-27668.5,5.6885,0.32129,0.515609,0.136415,0.502497,0.285749,0.95708,1.72186,-0.0120987,79.3133
/home/ken/Programme/rns/EOS/106/EOS78900.rns,676715000000000.0,2.07858,2.40556,13.6413,0.249197,1.02948,0.0129962,0.931611,3.28553,57.661,-27169.8,7.178,0.361011,0.575851,0.158609,0.538864,0.281323,0.957837,1.66543,-0.0129501,82.0704
/home/ken/Programme/rns/EOS/106/EOS78900.rns,710640000000000.0,2.20302,2.57513,13.7158,0.254352,1.04932,0.01314,1.04709,3.61793,60.0865,-26742.0,8.29661,0.392899,0.624711,0.176287,0.566913,0.277452,0.958484,1.62598,-0.0136344,83.8744
/home/ken/Programme/rns/EOS/106/EOS78900.rns,269622000000000.0,0.158359,0.158535,23.9158,0.0799804,0.123948,0.00485116,0.00733774,0.0806291,1.37103,0.0,0.0,0.0120177,0.0772323,-0.0531896,0.0651484,0.645297,0.824902,0.123948,0.123948,1.62595
/home/ken/Programme/rns/EOS/106/EOS78900.rns,303547000000000.0,0.190382,0.191075,18.4605,0.0955025,0.200451,0.00575312,0.0105697,0.0972659,1.85313,0.0,0.0,0.0173905,0.0781629,-0.0433653,0.0777075,0.49534,0.894531,0.200451,0.200451,1.57925
/home/ken/Programme/rns/EOS/106/EOS78900.rns,337471000000000.0,0.23389,0.235552,15.7299,0.112906,0.282567,0.00681166,0.0158732,0.123554,2.67552,0.0,0.0,0.0245784,0.0866733,-0.037481,0.0935445,0.419157,0.92124,0.282567,0.282567,1.63239
/home/ken/Programme/rns/EOS/106/EOS78900.rns,371395000000000.0,0.289627,0.292964,14.2122,0.131222,0.366266,0.00798827,0.0241847,0.161975,3.99163,0.0,0.0,0.0336465,0.100011,-0.032646,0.11254,0.375513,0.933105,0.366266,0.366266,1.74833
/home/ken/Programme/rns/EOS/106/EOS78900.rns,405320000000000.0,0.369335,0.375908,13.2655,0.153049,0.458806,0.0094852,0.0391058,0.224556,6.14221,0.0,0.0,0.0464552,0.120511,-0.0274502,0.137957,0.346423,0.938501,0.458806,0.458806,1.94007
/home/ken/Programme/rns/EOS/106/EOS78900.rns,439244000000000.0,0.490683,0.504058,12.7334,0.179038,0.562447,0.0113708,0.0684949,0.336222,10.1909,0.0,0.0,0.065769,0.152048,-0.0201707,0.173698,0.326873,0.940027,0.562447,0.562447,2.24601
/home/ken/Programme/rns/EOS/106/EOS78900.rns,473169000000000.0,0.659265,0.685811,12.5767,0.20629,0.664023,0.0134483,0.122591,0.522267,17.0839,0.0,0.0,0.0925961,0.195869,-0.00991305,0.21934,0.315502,0.938867,0.664023,0.664023,2.67498
/home/ken/Programme/rns/EOS/106/EOS78900.rns,507093000000000.0,0.892468,0.944342,12.6932,0.234674,0.761281,0.0157032,0.2231,0.835503,28.5066,0.0,0.0,0.130403,0.257541,0.0050006,0.277542,0.308703,0.936108,0.761281,0.761281,3.27209
/home/ken/Programme/rns/EOS/106/EOS78900.rns,541017000000000.0,1.17135,1.26449,12.963,0.260798,0.843504,0.0178076,0.382872,1.29021,43.6797,0.0,0.0,0.177758,0.334902,0.0242772,0.34248,0.3039,0.933325,0.843504,0.843504,4.00387
/home/ken/Programme/rns/EOS/106/EOS78900.rns,574942000000000.0,1.4607,1.60997,13.2555,0.282549,0.908306,0.0194649,0.59426,1.8484,59.7825,0.0,2.28627,0.230709,0.42172,0.0465591,0.406874,0.298996,0.931567,0.908306,0.908306,4.80398
/home/ken/Programme/rns/EOS/106/EOS78900.rns,608866000000000.0,1.71857,1.9304,13.4965,0.299713,0.956269,0.0206734,0.824531,2.41776,74.4338,-28538.4,4.5785,0.282487,0.507794,0.0683886,0.462712,0.293826,0.93064,1.78289,-0.0109808,76.3505
/home/ken/Programme/rns/EOS/106/EOS78900.rns,642791000000000.0,1.93669,2.21189,13.6832,0.311393,0.991891,0.0213392,1.04786,2.95738,87.6567,-27960.7,6.54095,0.330329,0.587264,0.0896716,0.508841,0.288775,0.930518,1.71035,-0.0119945,80.3023
/home/ken/Programme/rns/EOS/106/EOS78900.rns,676715000000000.0,2.10746,2.43895,13.808,0.32019,1.01798,0.0217667,1.24201,3.40902,96.3177,-27439.1,8.08693,0.371283,0.656177,0.107886,0.545385,0.284121,0.93103,1.65685,-0.012848,83.0486
/home/ken/Programme/rns/EOS/106/EOS78900.rns,710640000000000.0,2.23279,2.60964,13.879,0.327113,1.03757,0.0220484,1.39617,3.75106,101.823,-26991.7,9.24568,0.404189,0.712446,0.122271,0.57348,0.280053,0.931616,1.61979,-0.013536,84.8345
/home/ken/Programme/rns/EOS/106/EOS78900.rns,303547000000000.0,0.191831,0.192539,19.8837,0.116877,0.180052,0.00869397,0.0132122,0.0993481,2.83779,0.0,0.0,0.0176993,0.0977501,-0.0623279,0.0782812,0.534063,0.820703,0.180052,0.180052,1.64297
/home/ken/Programme/rns/EOS/106/EOS78900.rns,337471000000000.0,0.235953,0.237644,16.3633,0.13779,0.267648,0.0102444,0.0198429,0.126561,4.09953,0.0,0.0,0.025022,0.103837,-0.0537409,0.0943549,0.43633,0.875781,0.267648,0.267648,1.67094
/home/ken/Programme/rns/EOS/106/EOS78900.rns,371395000000000.0,0.292526,0.295919,14.6152,0.159754,0.353276,0.0119626,0.0302343,0.166327,5.97841,0.0,0.0,0.0342731,0.117375,-0.0487224,0.113635,0.386368,0.897607,0.353276,0.353276,1.78074
/home/ken/Programme/rns/EOS/106/EOS78900.rns,405320000000000.0,0.373633,0.380331,13.5612,0.18548,0.44702,0.0140984,0.048886,0.231632,9.2908,0.0,0.0,0.0473867,0.1392,-0.0442027,0.139516,0.354291,0.907764,0.44702,0.44702,1.97221
/home/ken/Programme/rns/EOS/106/EOS78900.rns,439244000000000.0,0.49724,0.510888,12.9758,0.216128,0.551288,0.016783,0.0856238,0.348174,15.2199,0.0,0.0,0.0672087,0.173502,-0.0385797,0.175936,0.333175,0.911499,0.551288,0.551288,2.28122
/home/ken/Programme/rns/EOS/106/EOS78900.rns,473169000000000.0,0.669087,0.696199,12.7966,0.247994,0.653137,0.0197169,0.153252,0.543099,25.5038,0.0,0.0,0.0948003,0.221463,-0.030727,0.222486,0.321024,0.91084,0.653137,0.653137,2.71614
/home/ken/Programme/rns/EOS/106/EOS78900.rns,507093000000000.0,0.907025,0.960057,12.9044,0.281111,0.750398,0.0228781,0.278832,0.871721,42.0156,0.0,0.0,0.133798,0.289373,-0.0191976,0.281814,0.313737,0.90791,0.750398,0.750398,3.31992
/home/ken/Programme/rns/EOS/106/EOS78900.rns,541017000000000.0,1.19136,1.28654,13.1724,0.311816,0.832316,0.0258699,0.478594,1.34891,64.1455,0.0,0.367854,0.18275,0.375127,-0.00417131,0.347904,0.308576,0.904346,0.832316,0.832316,4.05505
/home/ken/Programme/rns/EOS/106/EOS78900.rns,574942000000000.0,1.48597,1.63842,13.4627,0.337539,0.896929,0.0282393,0.742801,1.93402,87.9961,0.0,2.97428,0.237605,0.471918,0.0135433,0.413268,0.303281,0.902075,0.896929,0.896929,4.85196
/home/ken/Programme/rns/EOS/106/EOS78900.rns,608866000000000.0,1.74798,1.96394,13.7011,0.358165,0.944496,0.0300226,1.03062,2.52887,109.629,-28919.4,5.34568,0.291295,0.568606,0.0307905,0.469744,0.297759,0.900537,1.76317,-0.0108561,77.5145
/home/ken/Programme/rns/EOS/106/EOS78900.rns,642791000000000.0,1.96918,2.24939,13.8822,0.372644,0.980051,0.0310559,1.30993,3.08934,127.807,-28302.4,7.37765,0.340962,0.658525,0.0479218,0.516182,0.292319,0.900537,1.69441,-0.011876,81.4682
/home/ken/Programme/rns/EOS/106/EOS78900.rns,676715000000000.0,2.14212,2.47943,14.0014,0.383555,1.00612,0.0317195,1.55252,3.55732,140.294,-27746.9,8.98167,0.383527,0.736886,0.0626783,0.552878,0.287327,0.901367,1.644,-0.0127378,84.199
/home/ken/Programme/rns/EOS/106/EOS78900.rns,710640000000000.0,2.26866,2.65176,14.0677,0.39226,1.02562,0.0321853,1.74525,3.91017,148.606,-27274.1,10.1815,0.417726,0.801246,0.0741696,0.581005,0.283006,0.902148,1.60935,-0.0134324,85.9625
/home/ken/Programme/rns/EOS/106/EOS78900.rns,337471000000000.0,0.238342,0.240069,17.3869,0.160863,0.245719,0.0141158,0.0238093,0.130078,5.73224,0.0,0.0,0.0255313,0.123244,-0.0721131,0.0952772,0.464122,0.813818,0.245719,0.245719,1.72871
/home/ken/Programme/rns/EOS/106/EOS78900.rns,371395000000000.0,0.295883,0.299348,15.162,0.185917,0.336548,0.0163953,0.0362819,0.171508,8.3451,0.0,0.0,0.0349952,0.135324,-0.0651902,0.114902,0.401126,0.85459,0.336548,0.336548,1.82273
/home/ken/Programme/rns/EOS/106/EOS78900.rns,405320000000000.0,0.378511,0.385353,13.9339,0.21508,0.432553,0.0192024,0.0586653,0.239714,12.8171,0.0,0.0,0.0484379,0.157894,-0.0607147,0.141264,0.364231,0.872607,0.432553,0.432553,2.01118
/home/ken/Programme/rns/EOS/106/EOS78900.rns,439244000000000.0,0.504624,0.518583,13.2661,0.249421,0.538209,0.0226777,0.102744,0.362024,21.0525,0.0,0.0,0.0688095,0.194411,-0.0561048,0.178437,0.340749,0.880029,0.538209,0.538209,2.32303
/home/ken/Programme/rns/EOS/106/EOS78900.rns,473169000000000.0,0.680128,0.707885,13.0512,0.28512,0.640727,0.0264701,0.183902,0.566854,34.8292,0.0,0.0,0.097236,0.246189,-0.0501701,0.225936,0.327442,0.880811,0.640727,0.640727,2.76415
/home/ken/Programme/rns/EOS/106/EOS78900.rns,507093000000000.0,0.923166,0.97748,13.1435,0.322156,0.738323,0.030552,0.334633,0.912884,57.1826,0.0,0.0,0.137522,0.320014,-0.0414525,0.286472,0.31946,0.877979,0.738323,0.738323,3.37597
/home/ken/Programme/rns/EOS/106/EOS78900.rns,541017000000000.0,1.21346,1.31091,13.4054,0.356716,0.820218,0.034443,0.574342,1.41502,86.6763,0.0,0.915294,0.188227,0.413946,-0.0300351,0.353756,0.313795,0.874194,0.820218,0.820218,4.11641
/home/ken/Programme/rns/EOS/106/EOS78900.rns,574942000000000.0,1.51398,1.66998,13.6918,0.385793,0.884854,0.0375389,0.8914,2.03063,118.869,0.0,3.62856,0.245185,0.520652,-0.0162222,0.42015,0.308027,0.871484,0.884854,0.884854,4.91366
/home/ken/Programme/rns/EOS/106/EOS78900.rns,608866000000000.0,1.78077,2.00149,13.9259,0.409537,0.932258,0.0399307,1.23666,2.6538,147.533,-29336.5,6.08057,0.30106,0.628207,-0.00294535,0.477283,0.302068,0.869873,1.74071,-0.0107243,78.802
/home/ken/Programme/rns/EOS/106/EOS78900.rns,642791000000000.0,2.00526,2.29107,14.1023,0.42654,0.967732,0.0413954,1.57176,3.23846,172.037,-28680.4,8.18437,0.35272,0.728829,0.0105303,0.524076,0.296242,0.869751,1.67553,-0.0117478,82.7611
/home/ken/Programme/rns/EOS/106/EOS78900.rns,676715000000000.0,2.18057,2.52417,14.2174,0.43937,0.993794,0.0423478,1.8629,3.72624,189.893,-28092.2,9.84946,0.397048,0.816993,0.0222445,0.560972,0.290927,0.87041,1.62796,-0.0126148,85.4814
/home/ken/Programme/rns/EOS/106/EOS78900.rns,710640000000000.0,2.30867,2.69849,14.2798,0.449725,1.01322,0.0430395,2.09428,4.09261,201.869,-27594.2,11.0921,0.432703,0.889885,0.0311888,0.589164,0.286355,0.871094,1.59553,-0.0133144,87.2275
/home/ken/Programme/rns/EOS/106/EOS78900.rns,337471000000000.0,0.240964,0.242729,20.4785,0.182186,0.193264,0.0183232,0.0277751,0.133984,7.52135,0.0,0.0,0.0260876,0.156105,-0.103853,0.0962791,0.548267,0.680469,0.193264,0.193264,1.87804
/home/ken/Programme/rns/EOS/106/EOS78900.rns,371395000000000.0,0.299553,0.303093,15.9737,0.209862,0.313363,0.0211616,0.042325,0.177246,10.9088,0.0,0.0,0.0357748,0.155042,-0.0833133,0.116258,0.42309,0.800488,0.313363,0.313363,1.87976
/home/ken/Programme/rns/EOS/106/EOS78900.rns,405320000000000.0,0.383812,0.390807,14.4091,0.241854,0.414703,0.0246207,0.0684369,0.248685,16.7247,0.0,0.0,0.0495698,0.1769,-0.0773747,0.143147,0.376951,0.832764,0.414703,0.414703,2.05794
/home/ken/Programme/rns/EOS/106/EOS78900.rns,439244000000000.0,0.512611,0.526908,13.6078,0.279259,0.523059,0.0288615,0.119872,0.377245,27.3436,0.0,0.0,0.0705255,0.214975,-0.0730461,0.181093,0.3497,0.846338,0.523059,0.523059,2.37041
/home/ken/Programme/rns/EOS/106/EOS78900.rns,473169000000000.0,0.691883,0.720317,13.338,0.318093,0.626863,0.0334883,0.214534,0.592727,44.8928,0.0,0.0,0.0998163,0.270111,-0.0684956,0.229559,0.334707,0.849609,0.626863,0.626863,2.8171
/home/ken/Programme/rns/EOS/106/EOS78900.rns,507093000000000.0,0.940421,0.99612,13.405,0.35819,0.725309,0.0384215,0.390351,0.957755,73.3074,0.0,0.0,0.14146,0.34942,-0.061982,0.29133,0.325745,0.847754,0.725309,0.725309,3.43774
/home/ken/Programme/rns/EOS/106/EOS78900.rns,541017000000000.0,1.23708,1.33698,13.6571,0.395868,0.807449,0.0431826,0.670032,1.4875,110.897,0.0,1.427,0.194012,0.451209,-0.0535844,0.359865,0.319456,0.843848,0.807449,0.807449,4.18541
/home/ken/Programme/rns/EOS/106/EOS78900.rns,574942000000000.0,1.54384,1.70363,13.9375,0.427882,0.872228,0.0470166,1.03995,2.136,151.851,0.0,4.2417,0.253193,0.567741,-0.0431811,0.427283,0.313141,0.840967,0.872228,0.872228,4.98483
/home/ken/Programme/rns/EOS/106/EOS78900.rns,608866000000000.0,1.81571,2.04144,14.1682,0.454355,0.919505,0.0500602,1.44303,2.79121,188.821,-29788.9,6.78382,0.311391,0.686232,-0.0334052,0.485137,0.306742,0.83877,1.71631,-0.0105831,80.1848
/home/ken/Programme/rns/EOS/106/EOS78900.rns,642791000000000.0,2.04398,2.3358,14.3387,0.473687,0.954986,0.0519836,1.83379,3.40229,219.649,-29087.9,8.95833,0.36525,0.797877,-0.0231401,0.532286,0.300474,0.838574,1.65465,-0.0116119,84.1507
/home/ken/Programme/rns/EOS/106/EOS78900.rns,676715000000000.0,2.22208,2.57261,14.4484,0.488365,0.981224,0.0532482,2.17353,3.91142,242.604,-28461.3,10.6839,0.411575,0.896389,-0.0141069,0.569377,0.294778,0.839307,1.60986,-0.0124867,86.8595
/home/ken/Programme/rns/EOS/106/EOS78900.rns,710640000000000.0,2.35199,2.74932,14.5065,0.500233,1.00064,0.0541794,2.44322,4.29243,258.174,2.7087,11.97,0.448862,0.978247,-0.00737312,0.597624,0.289922,0.840039,0.986442,0.956965,7.23794
/home/ken/Programme/rns/EOS/106/EOS78900.rns,371395000000000.0,0.303511,0.307135,17.5953,0.231581,0.272881,0.0261197,0.0483693,0.18356,13.7174,0.0,0.0,0.0366078,0.181348,-0.107928,0.117707,0.467122,0.716016,0.272881,0.272881,1.97913
/home/ken/Programme/rns/EOS/106/EOS78900.rns,405320000000000.0,0.389454,0.396616,15.0489,0.265969,0.391752,0.0302172,0.0782175,0.258455,20.9154,0.0,0.0,0.0507591,0.197005,-0.0950226,0.145117,0.394144,0.786475,0.391752,0.391752,2.1156
/home/ken/Programme/rns/EOS/106/EOS78900.rns,439244000000000.0,0.521,0.535648,14.0141,0.305888,0.505343,0.0351764,0.136989,0.393583,34.012,0.0,0.0,0.0723077,0.235446,-0.0897593,0.183837,0.360399,0.810498,0.505343,0.505343,2.42347
/home/ken/Programme/rns/EOS/106/EOS78900.rns,473169000000000.0,0.704271,0.733433,13.6584,0.34723,0.611546,0.0405698,0.245178,0.62055,55.5116,0.0,0.0,0.102499,0.293358,-0.0859295,0.233299,0.342867,0.817773,0.611546,0.611546,2.87447
/home/ken/Programme/rns/EOS/106/EOS78900.rns,507093000000000.0,0.958346,1.01547,13.6882,0.389938,0.711257,0.0463396,0.446152,1.00554,90.2742,0.0,0.0,0.14552,0.377787,-0.0811928,0.296284,0.332599,0.817432,0.711257,0.711257,3.5034
/home/ken/Programme/rns/EOS/106/EOS78900.rns,541017000000000.0,1.26172,1.3642,13.924,0.430053,0.794107,0.0518852,0.765772,1.56491,136.238,0.0,1.90052,0.199987,0.487047,-0.0752324,0.366073,0.32549,0.814014,0.794107,0.794107,4.25946
/home/ken/Programme/rns/EOS/106/EOS78900.rns,574942000000000.0,1.57489,1.73865,14.1959,0.464551,0.859162,0.0564389,1.18844,2.24831,186.294,0.0,4.81508,0.261457,0.61319,-0.067773,0.434503,0.318549,0.811035,0.859162,0.859162,5.06212
/home/ken/Programme/rns/EOS/106/EOS78900.rns,608866000000000.0,1.85227,2.08338,14.4209,0.49336,0.906503,0.0600925,1.64887,2.93722,231.254,-30262.1,7.44294,0.322115,0.742596,-0.0610033,0.493043,0.311631,0.808789,1.69101,-0.010439,81.6301
/home/ken/Programme/rns/EOS/106/EOS78900.rns,642791000000000.0,2.08458,2.38282,14.586,0.514891,0.94197,0.0625288,2.09569,3.57705,269.002,-29515.6,9.69255,0.378327,0.865592,-0.0536603,0.540574,0.304916,0.808496,1.63261,-0.0114722,85.6076
/home/ken/Programme/rns/EOS/106/EOS78900.rns,676715000000000.0,2.2655,2.62326,14.691,0.531259,0.968359,0.0641488,2.48399,4.10919,297.807,1.96779,11.4804,0.426737,0.974721,-0.0470426,0.577859,0.298847,0.809082,0.96068,0.93258,6.93437
/home/ken/Programme/rns/EOS/106/EOS78900.rns,710640000000000.0,2.39731,2.80241,14.7453,0.544484,0.987809,0.0653431,2.79194,4.50644,317.629,2.55259,12.8109,0.465754,1.06586,-0.0422674,0.606173,0.29371,0.809668,0.975149,0.945233,7.28844
/home/ken/Programme/rns/EOS/106/EOS78900.rns,405320000000000.0,0.395344,0.402679,16.0756,0.287699,0.357634,0.0358851,0.0880007,0.268819,25.3129,0.0,0.0,0.0519893,0.220822,-0.116316,0.147145,0.421882,0.725586,0.357634,0.357634,2.19662
/home/ken/Programme/rns/EOS/106/EOS78900.rns,439244000000000.0,0.529645,0.544649,14.5169,0.329805,0.483831,0.041542,0.15412,0.410691,40.8931,0.0,0.0,0.0741319,0.256473,-0.106953,0.186622,0.373726,0.771484,0.483831,0.483831,2.48347
/home/ken/Programme/rns/EOS/106/EOS78900.rns,473169000000000.0,0.717029,0.746944,14.0183,0.372999,0.594501,0.0476017,0.27584,0.649924,66.6049,0.0,0.0,0.105235,0.316154,-0.102809,0.237086,0.352092,0.785352,0.594501,0.594501,2.93582
/home/ken/Programme/rns/EOS/106/EOS78900.rns,507093000000000.0,0.976747,1.03535,13.9921,0.417823,0.696246,0.0541332,0.50189,1.05567,107.716,0.0,0.0,0.149646,0.40519,-0.0992941,0.301252,0.340005,0.787598,0.696246,0.696246,3.57193
/home/ken/Programme/rns/EOS/106/EOS78900.rns,541017000000000.0,1.28691,1.39206,14.2047,0.459914,0.780175,0.0604131,0.861488,1.64621,162.447,0.0,2.3299,0.206044,0.521539,-0.0953217,0.372276,0.331881,0.784961,0.780175,0.780175,4.33666
/home/ken/Programme/rns/EOS/106/EOS78900.rns,574942000000000.0,1.60672,1.77458,14.4652,0.496624,0.845649,0.0656724,1.33707,2.36613,221.702,0.0,5.345,0.26987,0.657188,-0.0904686,0.441691,0.324226,0.782178,0.845649,0.845649,5.14317
/home/ken/Programme/rns/EOS/106/EOS78900.rns,608866000000000.0,1.88971,2.1263,14.6845,0.527397,0.893109,0.0699347,1.85507,3.09126,275.526,-30760.5,8.06642,0.333033,0.797396,-0.0863467,0.500928,0.316778,0.779639,1.66506,-0.0102885,83.129
/home/ken/Programme/rns/EOS/106/EOS78900.rns,642791000000000.0,2.12636,2.43118,14.8438,0.550815,0.928595,0.072871,2.35771,3.76182,320.505,1.11063,10.3904,0.39168,0.931767,-0.0815624,0.548837,0.309595,0.779102,0.926108,0.905755,6.51425
/home/ken/Programme/rns/EOS/106/EOS78900.rns,676715000000000.0,2.31038,2.67558,14.9436,0.568749,0.955116,0.0748603,2.79454,4.31819,355.129,1.86868,12.2406,0.442285,1.0518,-0.0771259,0.586304,0.303134,0.779541,0.948203,0.920317,6.99942
/home/ken/Programme/rns/EOS/106/EOS78900.rns,710640000000000.0,2.44423,2.85741,14.994,0.583304,0.97469,0.0763456,3.14127,4.73285,379.397,2.41584,13.6184,0.48319,1.15277,-0.0741513,0.614694,0.297695,0.77998,0.963325,0.933198,7.34734
