eos,rho_c,M,M_0,R,Omega,Omega_p,T/W,J,I,Phi_2,h_plus,h_minus,Z_p,Z_b,Z_f,omega_c/Omega,r_e,r_ratio,Omega_pa,Omega+,u_phi
/home/ken/Programme/rns/EOS/106/EOS78900.rns,168016000000000.0,0.0973333,0.0970042,147.6,0.00633521,0.00633619,9.54274e-05,0.000621257,0.0861832,1.06518,0.0,0.0,0.00146256,0.0327297,-0.0298046,0.0383882,4.01803,0.666309,0.00633619,0.00633619,3.12549
/home/ken/Programme/rns/EOS/106/EOS78900.rns,236033000000000.0,0.135308,0.135216,36.5286,0.0585701,0.0606817,0.0031261,0.00466873,0.0700543,0.836668,0.0,0.0,0.00810844,0.08045,-0.0642309,0.0556509,0.989919,0.680078,0.0606817,0.0606817,1.84548
/home/ken/Programme/rns/EOS/106/EOS78900.rns,304049000000000.0,0.193787,0.194521,24.268,0.133385,0.134203,0.0113879,0.0154373,0.101713,3.82583,0.0,0.0,0.0180871,0.129349,-0.0931489,0.0790442,0.653457,0.6625,0.134203,0.134203,1.8175
/home/ken/Programme/rns/EOS/106/EOS78900.rns,372065000000000.0,0.30606,0.309758,19.2857,0.237933,0.238669,0.0276098,0.050513,0.186578,14.6734,0.0,0.0,0.0370809,0.199785,-0.125424,0.11859,0.513094,0.648438,0.238669,0.238669,2.07353
/home/ken/Programme/rns/EOS/106/EOS78900.rns,440082000000000.0,0.553929,0.570077,17.4441,0.375212,0.375299,0.0555555,0.195291,0.457423,58.0952,0.0,0.0,0.0789817,0.3273,-0.16785,0.194096,0.452545,0.61875,0.375299,0.375299,2.74951
/home/ken/Programme/rns/EOS/106/EOS78900.rns,508098000000000.0,1.09312,1.16177,17.4985,0.526613,0.527367,0.0941247,0.833806,1.39151,216.46,0.0,0.0,0.174566,0.580868,-0.220682,0.330402,0.43061,0.575781,0.527367,0.527367,4.11585
/home/ken/Programme/rns/EOS/106/EOS78900.rns,576114000000000.0,1.8724,2.07603,18.1256,0.649683,0.65205,0.127583,2.54953,3.44883,523.847,0.0,7.21215,0.337895,1.00154,-0.270091,0.495123,0.411756,0.54375,0.65205,0.65205,5.88952
/home/ken/Programme/rns/EOS/106/EOS78900.rns,644131000000000.0,2.49628,2.86278,18.4151,0.727416,0.728847,0.145702,4.62046,5.58232,795.044,0.0,13.9723,0.508045,1.46947,-0.303852,0.61191,0.388781,0.53125,0.728847,0.728847,7.21786
/home/ken/Programme/rns/EOS/106/EOS78900.rns,712147000000000.0,2.86146,3.34932,18.3651,0.773641,0.77876,0.154195,6.13399,6.96813,956.157,0.393233,18.2001,0.636662,1.8556,-0.32075,0.678566,0.368073,0.53125,0.778543,0.771973,7.97079
/home/ken/Programme/rns/EOS/106/EOS78900.rns,780163000000000.0,3.01553,3.56182,18.3243,0.797942,0.799102,0.157002,6.83091,7.5235,1013.89,0.717694,19.9835,0.704769,2.07425,-0.331966,0.709997,0.358584,0.529688,0.798393,0.787194,8.27246
/home/ken/Programme/rns/EOS/106/EOS78900.rns,848179000000000.0,3.0781,3.65007,18.223,0.810805,0.812756,0.157769,7.11911,7.71654,1030.09,0.897625,20.7779,0.738186,2.18468,-0.335505,0.725178,0.352237,0.53125,0.811625,0.798079,8.38944
/home/ken/Programme/rns/EOS/106/EOS78900.rns,916196000000000.0,3.10832,3.69332,18.1794,0.818481,0.818664,0.157886,7.25458,7.78962,1033.38,0.960412,21.1361,0.75658,2.2459,-0.338782,0.733791,0.349373,0.531055,0.817361,0.803109,8.44275
/home/ken/Programme/rns/EOS/106/EOS78900.rns,984212000000000.0,3.12986,3.72467,18.1033,0.825873,0.825908,0.157776,7.34844,7.81978,1031.28,1.03178,21.4265,0.77256,2.2995,-0.340716,0.741626,0.346016,0.531934,0.824387,0.809299,8.47888
/home/ken/Programme/rns/EOS/106/EOS78900.rns,1052230000000000.0,3.14139,3.74191,17.9977,0.831784,0.834306,0.157465,7.39328,7.81159,1025.03,1.11443,21.6318,0.783807,2.33773,-0.340366,0.747601,0.342334,0.534375,0.832499,0.816393,8.49587
/home/ken/Programme/rns/EOS/106/EOS78900.rns,1120240000000000.0,3.1469,3.75059,17.9499,0.836602,0.837791,0.157058,7.40915,7.78327,1016.84,1.12997,21.7106,0.791814,2.36411,-0.342122,0.752281,0.340704,0.534375,0.835924,0.819682,8.50146
/home/ken/Programme/rns/EOS/106/EOS78900.rns,1188260000000000.0,3.14858,3.75377,17.9016,0.840674,0.84091,0.156566,7.40557,7.74183,1007.22,1.14002,21.7438,0.797625,2.38295,-0.343375,0.756137,0.339278,0.53457,0.839002,0.822671,8.49968
/home/ken/Programme/rns/EOS/106/EOS78900.rns,1256280000000000.0,3.14655,3.7517,17.8278,0.844319,0.845656,0.156061,7.38604,7.68808,996.726,1.17058,21.7672,0.801901,2.397,-0.343141,0.759393,0.337269,0.535938,0.843622,0.82691,8.49183
/home/ken/Programme/rns/EOS/106/EOS78900.rns,1324290000000000.0,3.14332,3.74783,17.7888,0.847391,0.847596,0.155493,7.3587,7.63185,985.931,1.16563,21.7361,0.804823,2.40574,-0.344177,0.76213,0.336392,0.535938,0.845574,0.828936,8.48111
/home/ken/Programme/rns/EOS/106/EOS78900.rns,1392310000000000.0,3.13798,3.74093,17.6858,0.850048,0.854348,0.154932,7.32267,7.57075,974.902,1.22295,21.7499,0.806687,2.4122,-0.34173,0.764417,0.333701,0.539063,0.852082,0.834695,8.46737
/home/ken/Programme/rns/EOS/106/EOS84208.rns,191833000000000.0,0.10592,0.105621,73.4205,0.0174122,0.0188402,0.000433698,0.00127848,0.064529,0.365998,0.0,0.0,0.00305151,0.045916,-0.0398129,0.0429238,1.99637,0.7,0.0188402,0.0188402,2.30349
/home/ken/Programme/rns/EOS/106/EOS84208.rns,283666000000000.0,0.156228,0.156377,29.4275,0.0899787,0.0901915,0.0059922,0.0079522,0.0776713,1.63509,0.0,0.0,0.0119422,0.102032,-0.0781401,0.0654951,0.795574,0.664063,0.0901915,0.0901915,1.78618
/home/ken/Programme/rns/EOS/106/EOS84208.rns,375499000000000.0,0.242397,0.244234,20.6001,0.191294,0.192109,0.0188522,0.0281779,0.129455,7.46896,0.0,0.0,0.0270529,0.164507,-0.11032,0.0993212,0.551524,0.65625,0.192109,0.192109,1.88904
/home/ken/Programme/rns/EOS/106/EOS84208.rns,467333000000000.0,0.406484,0.414574,17.3912,0.321075,0.321939,0.0401245,0.0965994,0.264412,27.2154,0.0,0.0,0.0561788,0.260402,-0.147448,0.156848,0.457298,0.635938,0.321939,0.321939,2.30786
/home/ken/Programme/rns/EOS/106/EOS84208.rns,559166000000000.0,0.705686,0.73454,16.452,0.461031,0.463275,0.0680955,0.323292,0.616279,85.1828,0.0,0.0,0.110817,0.413562,-0.18847,0.247738,0.41901,0.60625,0.463275,0.463275,3.08398
/home/ken/Programme/rns/EOS/106/EOS84208.rns,650999000000000.0,1.13491,1.21371,16.4873,0.585427,0.586356,0.0950439,0.87803,1.3181,197.272,0.0,0.00112861,0.196713,0.636773,-0.229002,0.363104,0.401109,0.575,0.586356,0.586356,4.11622
/home/ken/Programme/rns/EOS/106/EOS84208.rns,742832000000000.0,1.6536,1.82541,16.6277,0.695366,0.695675,0.117376,1.9128,2.41752,350.027,0.0,5.55815,0.320423,0.954029,-0.266359,0.489094,0.381046,0.553125,0.695675,0.695675,5.26536
/home/ken/Programme/rns/EOS/106/EOS84208.rns,834665000000000.0,2.15914,2.45933,16.6044,0.789334,0.789967,0.133833,3.32575,3.7029,502.842,0.0,11.1843,0.475273,1.37009,-0.2981,0.602938,0.355686,0.542188,0.789967,0.789967,6.32684
/home/ken/Programme/rns/EOS/106/EOS84208.rns,926498000000000.0,2.5088,2.923,16.4123,0.856934,0.860082,0.143328,4.55291,4.66933,606.652,0.116622,15.3248,0.61672,1.78213,-0.318788,0.679954,0.332175,0.540625,0.860057,0.857646,7.04222
/home/ken/Programme/rns/EOS/106/EOS84208.rns,1018330000000000.0,2.72042,3.21547,16.2632,0.902814,0.903072,0.148558,5.40599,5.26247,668.905,0.677238,17.9035,0.725709,2.12781,-0.334615,0.727445,0.31649,0.539062,0.902214,0.889703,7.45964
/home/ken/Programme/rns/EOS/106/EOS84208.rns,1110160000000000.0,2.83367,3.3764,16.0932,0.933004,0.933265,0.15101,5.89496,5.55278,697.652,1.00999,19.3729,0.798488,2.37323,-0.343149,0.755864,0.305302,0.540234,0.931279,0.914011,7.66991
/home/ken/Programme/rns/EOS/106/EOS84208.rns,1202000000000000.0,2.88768,3.45463,15.9656,0.951546,0.951607,0.151908,6.13363,5.66501,706.944,1.17788,20.111,0.841033,2.52222,-0.347967,0.771969,0.298578,0.541309,0.948843,0.929602,7.76417
/home/ken/Programme/rns/EOS/106/EOS84208.rns,1293830000000000.0,2.91416,3.49365,15.8111,0.963817,0.969255,0.152162,6.25093,5.69984,708.113,1.32958,20.5545,0.867083,2.61743,-0.347544,0.781972,0.29254,0.545313,0.965623,0.944649,7.8076
/home/ken/Programme/rns/EOS/106/EOS84208.rns,1385660000000000.0,2.92815,3.51461,15.7226,0.972309,0.979062,0.15209,6.30972,5.7032,705.88,1.40183,20.7845,0.883692,2.67813,-0.348471,0.788664,0.289181,0.546875,0.974961,0.953296,7.82767
/home/ken/Programme/rns/EOS/106/EOS84208.rns,1477500000000000.0,2.93597,3.52658,15.6633,0.979802,0.985235,0.151919,6.34176,5.68832,701.785,1.43424,20.9172,0.896887,2.72548,-0.350639,0.794293,0.287027,0.546875,0.980906,0.959018,7.83661
/home/ken/Programme/rns/EOS/106/EOS84208.rns,1569330000000000.0,2.93962,3.53244,15.6128,0.985828,0.989993,0.1516,6.35251,5.66313,696.458,1.45307,20.9878,0.906386,2.75919,-0.352361,0.79873,0.285393,0.546875,0.985521,0.963532,7.83785
/home/ken/Programme/rns/EOS/106/EOS84208.rns,1661160000000000.0,2.93994,3.53338,15.569,0.990636,0.993744,0.151252,6.34883,5.63238,690.79,1.46412,21.016,0.913021,2.78238,-0.353675,0.80218,0.284135,0.546875,0.989179,0.96714,7.83386
/home/ken/Programme/rns/EOS/106/EOS84208.rns,1753000000000000.0,2.93837,3.53151,15.5316,0.994499,0.996692,0.150884,6.33662,5.59972,685.107,1.46954,21.0172,0.917609,2.79802,-0.354694,0.804914,0.283168,0.546875,0.992073,0.970019,7.827
/home/ken/Programme/rns/EOS/106/EOS84208.rns,1844830000000000.0,2.93557,3.52777,15.4986,0.99771,0.999087,0.150504,6.31883,5.56603,679.449,1.47121,21.0003,0.920793,2.80846,-0.355509,0.807167,0.282399,0.546875,0.99444,0.972396,7.81827
/home/ken/Programme/rns/EOS/106/EOS84999.rns,167723000000000.0,0.0978923,0.0975635,138.281,0.00678706,0.0070074,0.000105331,0.00064701,0.0837804,0.96444,0.0,0.0,0.00153802,0.0329252,-0.0298491,0.0385906,3.76407,0.680273,0.0070074,0.0070074,3.03421
/home/ken/Programme/rns/EOS/106/EOS84999.rns,235446000000000.0,0.13949,0.139436,35.6958,0.063585,0.0637821,0.00360554,0.00525145,0.0725835,0.991407,0.0,0.0,0.00874401,0.0855627,-0.0680719,0.0570228,0.967057,0.665625,0.0637821,0.0637821,1.85312
/home/ken/Programme/rns/EOS/106/EOS84999.rns,303169000000000.0,0.204268,0.205194,23.6932,0.142687,0.142852,0.0128745,0.0179131,0.110331,4.57524,0.0,0.0,0.0196387,0.136133,-0.0968222,0.0821425,0.637368,0.659375,0.142852,0.142852,1.84644
/home/ken/Programme/rns/EOS/106/EOS84999.rns,370893000000000.0,0.330599,0.335127,19.0389,0.251575,0.253042,0.0307063,0.0608057,0.212417,18.0892,0.0,0.0,0.0407261,0.211582,-0.129871,0.12537,0.505355,0.646875,0.253042,0.253042,2.14867
/home/ken/Programme/rns/EOS/106/EOS84999.rns,438616000000000.0,0.618015,0.638385,17.5003,0.393516,0.394953,0.0611525,0.248346,0.554636,74.2056,0.0,0.0,0.0888228,0.354279,-0.174607,0.209799,0.451359,0.614063,0.394953,0.394953,2.93155
/home/ken/Programme/rns/EOS/106/EOS84999.rns,506339000000000.0,1.22372,1.3091,17.8058,0.542812,0.54372,0.100676,1.05705,1.71142,268.902,0.0,0.290691,0.19671,0.637649,-0.229347,0.356619,0.433165,0.56875,0.54372,0.54372,4.44451
/home/ken/Programme/rns/EOS/106/EOS84999.rns,574062000000000.0,2.02559,2.26141,18.4195,0.657749,0.661281,0.132126,3.00333,4.01287,604.256,0.0,8.72238,0.369017,1.08382,-0.27655,0.519478,0.412454,0.540625,0.661281,0.661281,6.24427
/home/ken/Programme/rns/EOS/106/EOS84999.rns,641785000000000.0,2.52884,2.90055,18.6151,0.720589,0.721672,0.145659,4.73933,5.78019,821.91,0.0,14.1779,0.510031,1.47518,-0.304369,0.614426,0.39273,0.53125,0.721672,0.721672,7.30753
/home/ken/Programme/rns/EOS/106/EOS84999.rns,709508000000000.0,2.78882,3.24598,18.5363,0.756393,0.759001,0.151105,5.7908,6.72827,926.115,0.125705,17.1779,0.601651,1.74615,-0.317384,0.664655,0.376921,0.53125,0.758979,0.756835,7.84033
/home/ken/Programme/rns/EOS/106/EOS84999.rns,777232000000000.0,2.93403,3.44459,18.4421,0.780463,0.781791,0.153513,6.41987,7.22914,975.251,0.487963,18.8884,0.663518,1.93854,-0.326554,0.695322,0.366495,0.53125,0.781468,0.773635,8.12735
/home/ken/Programme/rns/EOS/106/EOS84999.rns,844955000000000.0,3.01736,3.56107,18.3325,0.797495,0.798005,0.154449,6.78871,7.4812,995.258,0.703392,19.9021,0.705453,2.07286,-0.332365,0.715229,0.358886,0.532031,0.797332,0.78648,8.28489
/home/ken/Programme/rns/EOS/106/EOS84999.rns,912678000000000.0,3.06437,3.62795,18.2144,0.809729,0.810765,0.154685,6.99623,7.59341,1000.27,0.852453,20.5168,0.733488,2.16436,-0.335423,0.728529,0.352957,0.533594,0.809758,0.79695,8.36967
/home/ken/Programme/rns/EOS/106/EOS84999.rns,980401000000000.0,3.09282,3.66913,18.1195,0.819479,0.819881,0.154558,7.11794,7.6336,997.588,0.942148,20.8949,0.753929,2.23165,-0.338234,0.738519,0.348711,0.534375,0.818633,0.804731,8.41774
/home/ken/Programme/rns/EOS/106/EOS84999.rns,1048120000000000.0,3.10879,3.69279,18.0157,0.827173,0.828385,0.154215,7.18099,7.62957,990.549,1.02003,21.1387,0.768468,2.27982,-0.339386,0.746012,0.344878,0.535938,0.826898,0.812044,8.44186
/home/ken/Programme/rns/EOS/106/EOS84999.rns,1115850000000000.0,3.11692,3.70535,17.9203,0.833354,0.835551,0.153757,7.20711,7.60054,981.298,1.07889,21.2877,0.778872,2.31431,-0.339926,0.751777,0.341715,0.5375,0.833863,0.818298,8.45135
/home/ken/Programme/rns/EOS/106/EOS84999.rns,1183570000000000.0,3.1198,3.71038,17.8308,0.838473,0.841858,0.15326,7.2096,7.55674,971.064,1.12663,21.3759,0.786445,2.33936,-0.340019,0.756367,0.338996,0.539063,0.839992,0.823847,8.45158
/home/ken/Programme/rns/EOS/106/EOS84999.rns,1251290000000000.0,3.12009,3.71165,17.806,0.8428,0.843,0.152711,7.19889,7.50678,960.484,1.107,21.3678,0.792032,2.35675,-0.342685,0.760169,0.338355,0.537891,0.841202,0.825353,8.4466
/home/ken/Programme/rns/EOS/106/EOS84999.rns,1319020000000000.0,3.11731,3.70847,17.7332,0.846581,0.847559,0.152165,7.17532,7.44878,949.489,1.13312,21.378,0.796115,2.36985,-0.342644,0.763367,0.336434,0.539063,0.845655,0.829477,8.43668
/home/ken/Programme/rns/EOS/106/EOS84999.rns,1386740000000000.0,3.11329,3.70352,17.6572,0.849881,0.852239,0.151548,7.14392,7.38739,938.046,1.16041,21.3726,0.799025,2.37901,-0.342058,0.766142,0.334508,0.540625,0.85022,0.83369,8.42407
/home/ken/Programme/rns/EOS/106/EOS84931.rns,178689000000000.0,0.107809,0.107518,73.3661,0.0190212,0.0190285,0.000512717,0.00142252,0.0657254,0.371599,0.0,0.0,0.00326729,0.0500701,-0.0435354,0.0430621,1.99481,0.666016,0.0190285,0.0190285,2.32321
/home/ken/Programme/rns/EOS/106/EOS84931.rns,257378000000000.0,0.185665,0.186226,26.3268,0.115811,0.116236,0.00986693,0.0136333,0.103458,3.38495,0.0,0.0,0.0159479,0.120375,-0.0884615,0.0728163,0.70989,0.6625,0.116236,0.116236,1.84903
/home/ken/Programme/rns/EOS/106/EOS84931.rns,336067000000000.0,0.322136,0.326223,19.9642,0.232392,0.232566,0.0292242,0.0576447,0.217998,18.0044,0.0,0.0,0.0378124,0.202512,-0.126673,0.118606,0.530922,0.646094,0.232566,0.232566,2.16609
/home/ken/Programme/rns/EOS/106/EOS84931.rns,414756000000000.0,0.569433,0.585877,18.1477,0.358293,0.358705,0.0558831,0.208483,0.511382,65.6778,0.0,0.0,0.0779101,0.324189,-0.166914,0.192007,0.471079,0.61875,0.358705,0.358705,2.84181
/home/ken/Programme/rns/EOS/106/EOS84931.rns,493445000000000.0,1.04162,1.10166,17.9884,0.493618,0.493698,0.0886706,0.748263,1.33222,204.333,0.0,0.0,0.159147,0.541361,-0.21432,0.312866,0.446321,0.58125,0.493698,0.493698,4.03811
/home/ken/Programme/rns/EOS/106/EOS84931.rns,572134000000000.0,1.71017,1.87607,18.3523,0.611854,0.612058,0.117797,2.08277,2.99161,452.987,0.0,5.11159,0.293377,0.885382,-0.259839,0.460619,0.425842,0.551563,0.612058,0.612058,5.56701
/home/ken/Programme/rns/EOS/106/EOS84931.rns,650823000000000.0,2.2455,2.53656,18.4616,0.689562,0.690176,0.133915,3.64127,4.64079,660.556,0.0,10.8996,0.42945,1.24603,-0.290049,0.569535,0.403019,0.539844,0.690176,0.690176,6.7073
/home/ken/Programme/rns/EOS/106/EOS84931.rns,729512000000000.0,2.57364,2.96236,18.3511,0.739418,0.741025,0.141538,4.81452,5.72236,778.232,0.0,14.6365,0.535704,1.54461,-0.307795,0.636573,0.383325,0.5375,0.741025,0.741025,7.38089
/home/ken/Programme/rns/EOS/106/EOS84931.rns,808201000000000.0,2.73804,3.18309,18.2049,0.769257,0.770539,0.14454,5.4599,6.23772,826.42,0.0396437,16.585,0.601658,1.73943,-0.317803,0.673291,0.370657,0.5375,0.770537,0.769851,7.71064
/home/ken/Programme/rns/EOS/106/EOS84931.rns,886889000000000.0,2.83656,3.31856,17.9905,0.791585,0.796301,0.145831,5.86034,6.50636,846.212,0.392145,17.8567,0.649401,1.88456,-0.32226,0.698395,0.35935,0.540625,0.79608,0.789587,7.90124
/home/ken/Programme/rns/EOS/106/EOS84931.rns,965578000000000.0,2.92,3.43574,17.8121,0.815614,0.817531,0.146475,6.20456,6.68558,853.253,0.628395,18.9078,0.698403,2.03844,-0.330265,0.722692,0.349856,0.540625,0.816965,0.806994,8.05438
/home/ken/Programme/rns/EOS/106/EOS84931.rns,1044270000000000.0,2.98804,3.53308,17.5872,0.83923,0.840594,0.146811,6.49233,6.7988,853.51,0.867025,19.8393,0.746028,2.19215,-0.336415,0.74435,0.339764,0.542188,0.839482,0.826309,8.17335
/home/ken/Programme/rns/EOS/106/EOS84931.rns,1122960000000000.0,3.03156,3.59633,17.3879,0.858385,0.859462,0.146806,6.6765,6.83564,847.606,1.04221,20.4732,0.78328,2.31534,-0.340935,0.760766,0.331694,0.54375,0.857803,0.842511,8.24369
/home/ken/Programme/rns/EOS/106/EOS84931.rns,1201650000000000.0,3.05028,3.62411,17.2417,0.870442,0.87203,0.146531,6.75131,6.8165,838.664,1.14457,20.7879,0.804787,2.38747,-0.343045,0.770622,0.326483,0.545313,0.869984,0.85353,8.26951
/home/ken/Programme/rns/EOS/106/EOS84931.rns,1280330000000000.0,3.05717,3.63476,17.1377,0.877627,0.880359,0.146163,6.77344,6.78285,830.249,1.20669,20.9361,0.81635,2.42651,-0.343594,0.776355,0.323137,0.546875,0.878049,0.860904,8.27564
/home/ken/Programme/rns/EOS/106/EOS84931.rns,1359020000000000.0,3.05915,3.63815,17.0848,0.882515,0.88426,0.145833,6.77567,6.74751,823.045,1.22366,20.9872,0.823397,2.44981,-0.344998,0.780181,0.321538,0.546875,0.88187,0.864569,8.27435
/home/ken/Programme/rns/EOS/106/EOS84931.rns,1437710000000000.0,3.0589,3.63822,17.045,0.885992,0.886987,0.145529,6.76887,6.71427,816.834,1.2326,21.0047,0.827873,2.46442,-0.345967,0.782884,0.320434,0.546875,0.884552,0.86717,8.27004
/home/ken/Programme/rns/EOS/106/EOS84931.rns,1516400000000000.0,3.05733,3.63638,17.008,0.889085,0.889362,0.145195,6.7557,6.67789,810.361,1.23772,21.004,0.831386,2.47567,-0.346806,0.785289,0.319484,0.546875,0.886896,0.869471,8.26339
/home/ken/Programme/rns/EOS/106/EOS84931.rns,1595090000000000.0,3.05465,3.6329,16.9588,0.89177,0.892653,0.144839,6.73719,6.63955,803.766,1.25442,21.0028,0.833964,2.48403,-0.346702,0.787383,0.318234,0.547656,0.890102,0.87248,8.25484
/home/ken/Programme/rns/EOS/106/EOS32918.rns,197646000000000.0,0.112437,0.112169,56.3178,0.0258951,0.0288939,0.000829817,0.00187783,0.063731,0.359722,0.0,0.0,0.00415438,0.0531476,-0.0448386,0.0456828,1.53008,0.7125,0.0288939,0.0288939,2.08108
/home/ken/Programme/rns/EOS/106/EOS32918.rns,295293000000000.0,0.184895,0.185468,25.3744,0.122521,0.122587,0.0100352,0.0134637,0.0965748,3.21226,0.0,0.0,0.0165259,0.123104,-0.0900324,0.0754708,0.683968,0.660938,0.122587,0.122587,1.81243
/home/ken/Programme/rns/EOS/106/EOS32918.rns,392939000000000.0,0.310846,0.314705,19.175,0.24246,0.242631,0.0281455,0.0522567,0.189415,15.0963,0.0,0.0,0.0379887,0.203076,-0.126888,0.121008,0.509879,0.646875,0.242631,0.242631,2.08522
/home/ken/Programme/rns/EOS/106/EOS32918.rns,490585000000000.0,0.560314,0.577102,17.1497,0.386948,0.38713,0.0554011,0.197566,0.448717,56.5172,0.0,0.0,0.0814949,0.334264,-0.169687,0.200579,0.444252,0.61875,0.38713,0.38713,2.74652
/home/ken/Programme/rns/EOS/106/EOS32918.rns,588232000000000.0,0.969032,1.02417,16.7953,0.524398,0.527194,0.0849999,0.632152,1.05943,157.172,0.0,0.0,0.157609,0.535889,-0.212301,0.314007,0.416918,0.5875,0.527194,0.527194,3.76038
/home/ken/Programme/rns/EOS/106/EOS32918.rns,685878000000000.0,1.50005,1.63689,16.9646,0.644127,0.644407,0.11031,1.56216,2.1314,314.777,0.0,3.636,0.272792,0.831191,-0.253856,0.445521,0.397542,0.559375,0.644407,0.644407,4.97079
/home/ken/Programme/rns/EOS/106/EOS32918.rns,783524000000000.0,2.11616,2.39693,16.9748,0.757142,0.757868,0.131098,3.18202,3.69351,507.075,0.0,10.4065,0.445265,1.28684,-0.292651,0.583815,0.368196,0.54375,0.757868,0.757868,6.27787
/home/ken/Programme/rns/EOS/106/EOS32918.rns,881171000000000.0,2.60828,3.04727,16.7584,0.845482,0.849287,0.144577,4.93466,5.12938,664.576,0.247194,16.1963,0.635592,1.84039,-0.320993,0.688143,0.336671,0.540625,0.849179,0.84439,7.28834
/home/ken/Programme/rns/EOS/106/EOS32918.rns,978817000000000.0,2.82001,3.34147,16.5612,0.891209,0.894146,0.149596,5.82295,5.74217,728.218,0.832062,18.8291,0.747359,2.20014,-0.335664,0.735935,0.319494,0.540625,0.892911,0.878566,7.7011
/home/ken/Programme/rns/EOS/106/EOS32918.rns,1076460000000000.0,2.92697,3.49456,16.4097,0.920367,0.920421,0.151632,6.29947,6.01528,754.185,1.11599,20.1979,0.818615,2.44366,-0.345525,0.763228,0.309189,0.54043,0.91813,0.900268,7.89554
/home/ken/Programme/rns/EOS/106/EOS32918.rns,1174110000000000.0,2.99338,3.59167,16.1683,0.944238,0.949869,0.152616,6.60573,6.14826,764.842,1.39256,21.191,0.874513,2.64584,-0.348134,0.783382,0.298343,0.545313,0.946133,0.925325,8.00933
/home/ken/Programme/rns/EOS/106/EOS32918.rns,1271760000000000.0,3.03888,3.6593,15.9937,0.965528,0.970811,0.153034,6.81822,6.2061,767.047,1.55718,21.871,0.922005,2.82239,-0.353193,0.7998,0.290643,0.546875,0.965999,0.943987,8.07975
/home/ken/Programme/rns/EOS/106/EOS32918.rns,1369400000000000.0,3.06481,3.69847,15.8253,0.982519,0.989112,0.152994,6.93753,6.2055,762.902,1.68384,22.3084,0.957398,2.95847,-0.355857,0.811993,0.284223,0.549219,0.983315,0.960584,8.11401
/home/ken/Programme/rns/EOS/106/EOS32918.rns,1467050000000000.0,3.07762,3.71819,15.7011,0.996154,1.00175,0.152727,6.99456,6.17087,755.363,1.75043,22.5529,0.983296,3.05825,-0.358986,0.821113,0.279867,0.55,0.995358,0.972447,8.12541
/home/ken/Programme/rns/EOS/106/EOS32918.rns,1564690000000000.0,3.08905,3.7357,15.6031,1.00837,1.01196,0.152577,7.04808,6.14278,749.597,1.79859,22.764,1.00708,3.15076,-0.362506,0.828416,0.276347,0.55,1.00511,0.982194,8.13527
/home/ken/Programme/rns/EOS/106/EOS32918.rns,1662340000000000.0,3.09898,3.75072,15.5294,1.01782,1.01995,0.152575,7.09674,6.12775,746.434,1.83785,22.9428,1.02642,3.22751,-0.365234,0.833941,0.27361,0.55,1.01272,0.989834,8.14482
/home/ken/Programme/rns/EOS/106/EOS32918.rns,1759990000000000.0,3.10399,3.75829,15.4781,1.02418,1.02529,0.152527,7.12089,6.11044,743.359,1.8614,23.0439,1.03885,3.27701,-0.367027,0.837786,0.271817,0.55,1.01781,0.994974,8.14788
/home/ken/Programme/rns/EOS/106/EOS32918.rns,1857630000000000.0,3.10464,3.75932,15.4439,1.02805,1.02847,0.152391,7.12252,6.08882,739.862,1.87166,23.0767,1.04533,3.30236,-0.368066,0.840309,0.270786,0.55,1.02087,0.99807,8.14504
/home/ken/Programme/rns/EOS/106/EOS32918.rns,1955280000000000.0,3.10344,3.75759,15.4247,1.02999,1.03001,0.152248,7.11501,6.07094,737.056,1.87431,23.0749,1.04786,3.31178,-0.368552,0.841647,0.270307,0.55,1.02237,0.999595,8.14066
/home/ken/Programme/rns/EOS/106/EOS86448.rns,183379000000000.0,0.104418,0.104107,84.917,0.0150373,0.0150389,0.000347535,0.00113808,0.0665147,0.404652,0.0,0.0,0.00273238,0.0455198,-0.040055,0.0419258,2.3097,0.666016,0.0150389,0.0150389,2.45849
/home/ken/Programme/rns/EOS/106/EOS86448.rns,266759000000000.0,0.15683,0.15698,29.9174,0.087955,0.0881543,0.00596263,0.0080299,0.0802347,1.67699,0.0,0.0,0.01179,0.101297,-0.0777097,0.0645868,0.8089,0.664063,0.0881543,0.0881543,1.80419
/home/ken/Programme/rns/EOS/106/EOS86448.rns,350138000000000.0,0.251852,0.2539,20.7502,0.193242,0.193733,0.0200238,0.0311731,0.141773,8.56325,0.0,0.0,0.0279774,0.168053,-0.112008,0.100368,0.555229,0.654688,0.193733,0.193733,1.93425
/home/ken/Programme/rns/EOS/106/EOS86448.rns,433518000000000.0,0.534231,0.549271,17.4156,0.368317,0.369346,0.0535034,0.180255,0.430108,53.5408,0.0,0.0,0.0758388,0.317999,-0.164981,0.188803,0.452599,0.621875,0.369346,0.369346,2.69165
/home/ken/Programme/rns/EOS/106/EOS86448.rns,516897000000000.0,1.29277,1.38951,17.689,0.561591,0.564463,0.104562,1.1883,1.8596,293.215,0.0,1.17229,0.212141,0.676365,-0.234075,0.373685,0.426815,0.565625,0.564463,0.564463,4.59022
/home/ken/Programme/rns/EOS/106/EOS86448.rns,600277000000000.0,2.17427,2.44986,18.3734,0.684113,0.686197,0.136992,3.48131,4.47226,662.522,0.0,10.4163,0.411881,1.20022,-0.286222,0.550941,0.403844,0.535938,0.686197,0.686197,6.54747
/home/ken/Programme/rns/EOS/106/EOS86448.rns,683656000000000.0,2.73004,3.17175,18.4215,0.755108,0.758941,0.150519,5.55924,6.47022,898.449,0.04362,16.6344,0.585692,1.69822,-0.314423,0.655327,0.376712,0.53125,0.758938,0.758171,7.706
/home/ken/Programme/rns/EOS/106/EOS86448.rns,767036000000000.0,3.00359,3.54622,18.3141,0.797019,0.798175,0.155565,6.76295,7.45728,1002.15,0.692054,19.8308,0.700439,2.05918,-0.331409,0.709463,0.358968,0.530469,0.797515,0.78668,8.24931
/home/ken/Programme/rns/EOS/106/EOS86448.rns,850415000000000.0,3.14431,3.74537,18.1491,0.824562,0.824609,0.157441,7.42258,7.91124,1043.34,1.04803,21.5621,0.775344,2.30966,-0.341032,0.740833,0.34651,0.531836,0.823049,0.807836,8.51115
/home/ken/Programme/rns/EOS/106/EOS86448.rns,933795000000000.0,3.22978,3.86939,17.9475,0.847047,0.847641,0.158209,7.83644,8.13063,1058.71,1.30629,22.7098,0.833172,2.51209,-0.34709,0.763364,0.33586,0.534375,0.845135,0.827271,8.6617
/home/ken/Programme/rns/EOS/106/EOS86448.rns,1017170000000000.0,3.28033,3.94421,17.7558,0.864053,0.866543,0.158335,8.08149,8.21985,1060.45,1.49323,23.4385,0.874882,2.66382,-0.350221,0.779046,0.327422,0.5375,0.863169,0.843676,8.74443
/home/ken/Programme/rns/EOS/106/EOS86448.rns,1100550000000000.0,3.30464,3.98101,17.6532,0.875984,0.876005,0.158088,8.19517,8.22194,1053.81,1.56039,23.783,0.901379,2.7599,-0.354589,0.789386,0.323109,0.5375,0.872279,0.852411,8.77903
/home/ken/Programme/rns/EOS/106/EOS86448.rns,1183930000000000.0,3.31237,3.99317,17.57,0.882584,0.882609,0.157716,8.22508,8.19024,1045.34,1.60557,23.9241,0.914197,2.80705,-0.355872,0.794962,0.320287,0.538477,0.87862,0.858452,8.78616
/home/ken/Programme/rns/EOS/106/EOS86448.rns,1267310000000000.0,3.31304,3.9949,17.4463,0.887258,0.892112,0.157326,8.22141,8.14346,1036.32,1.69135,24.0355,0.921859,2.83832,-0.353401,0.798764,0.316584,0.542188,0.887582,0.866668,8.78269
/home/ken/Programme/rns/EOS/106/EOS86448.rns,1350690000000000.0,3.31193,3.9939,17.4333,0.891049,0.892317,0.156887,8.20659,8.0942,1027.05,1.66453,24.0089,0.92715,2.85477,-0.35633,0.801801,0.316361,0.540625,0.887946,0.867346,8.77548
/home/ken/Programme/rns/EOS/106/EOS86448.rns,1434070000000000.0,3.30798,3.9888,17.387,0.894754,0.894941,0.156355,8.17655,8.03118,1015.92,1.66447,23.9815,0.931374,2.86864,-0.357477,0.804708,0.315294,0.540625,0.890552,0.869992,8.76315
/home/ken/Programme/rns/EOS/106/EOS86448.rns,1517450000000000.0,3.30123,3.97966,17.3215,0.898675,0.898733,0.155664,8.12952,7.95014,1001.99,1.67266,23.9333,0.934811,2.8798,-0.357904,0.807722,0.313833,0.541309,0.894267,0.873654,8.74476
/home/ken/Programme/rns/EOS/106/EOS86448.rns,1600830000000000.0,3.29166,3.96643,17.2512,0.902553,0.902595,0.154874,8.06715,7.85526,986.226,1.67807,23.8556,0.93711,2.88643,-0.358142,0.810567,0.312391,0.54209,0.898062,0.877403,8.72105
/home/ken/Programme/rns/EOS/106/EOS86448.rns,1684210000000000.0,3.27906,3.94878,17.1597,0.906471,0.907911,0.154004,7.9896,7.74612,968.704,1.69678,23.7643,0.9384,2.88998,-0.357354,0.813285,0.310479,0.54375,0.903216,0.882368,8.69181
/home/ken/Programme/rns/EOS/106/EOS79935.rns,168803000000000.0,0.0982537,0.097921,135.044,0.00727092,0.00727426,0.000115717,0.000670536,0.0810485,0.876963,0.0,0.0,0.00161371,0.0344549,-0.0312275,0.0388205,3.67585,0.666406,0.00727426,0.00727426,3.00414
/home/ken/Programme/rns/EOS/106/EOS79935.rns,237606000000000.0,0.140779,0.140739,35.192,0.0653588,0.0654575,0.00376689,0.00543977,0.0731458,1.03074,0.0,0.0,0.00896354,0.0868386,-0.0689085,0.0575627,0.953276,0.664844,0.0654575,0.0654575,1.84886
/home/ken/Programme/rns/EOS/106/EOS79935.rns,306409000000000.0,0.209313,0.210341,22.9566,0.148102,0.151643,0.0136267,0.0191639,0.11372,4.97481,0.0,0.0,0.0204931,0.137835,-0.0968114,0.0840054,0.617089,0.66875,0.151643,0.151643,1.84195
/home/ken/Programme/rns/EOS/106/EOS79935.rns,375213000000000.0,0.358104,0.363703,18.7283,0.269358,0.270127,0.0342482,0.0734612,0.239685,22.2212,0.0,0.0,0.0452415,0.226504,-0.135677,0.133805,0.495751,0.642188,0.270127,0.270127,2.22702
/home/ken/Programme/rns/EOS/106/EOS79935.rns,444016000000000.0,0.777335,0.810581,17.5392,0.440178,0.442514,0.0741958,0.408498,0.815595,119.576,0.0,0.0,0.115257,0.425655,-0.191178,0.249424,0.44558,0.6,0.442514,0.442514,3.3546
/home/ken/Programme/rns/EOS/106/EOS79935.rns,512819000000000.0,1.61394,1.76149,18.3951,0.593447,0.594155,0.118571,1.89174,2.80152,442.134,0.0,4.25751,0.270587,0.827563,-0.253647,0.432915,0.431398,0.55,0.594155,0.594155,5.3659
/home/ken/Programme/rns/EOS/106/EOS79935.rns,581622000000000.0,2.44278,2.78251,18.978,0.690396,0.691287,0.144708,4.45049,5.66529,830.643,0.0,13.0462,0.469037,1.36025,-0.297688,0.586703,0.407161,0.529688,0.691287,0.691287,7.16762
/home/ken/Programme/rns/EOS/106/EOS79935.rns,650425000000000.0,2.83131,3.29306,18.9391,0.737026,0.741828,0.153212,6.02018,7.17859,1005.91,0.142203,17.4698,0.593717,1.72443,-0.315054,0.65767,0.385861,0.529688,0.741802,0.739444,7.97156
/home/ken/Programme/rns/EOS/106/EOS79935.rns,719228000000000.0,3.00197,3.52576,18.905,0.761709,0.762896,0.156041,6.7798,7.82242,1072.37,0.510856,19.4141,0.661712,1.93661,-0.326556,0.691377,0.375799,0.528125,0.762563,0.75465,8.31092
/home/ken/Programme/rns/EOS/106/EOS79935.rns,788032000000000.0,3.09302,3.65278,18.806,0.778261,0.778592,0.157068,7.19587,8.12589,1098.13,0.734629,20.5072,0.70504,2.07593,-0.332584,0.711978,0.368055,0.528906,0.777901,0.766981,8.4842
/home/ken/Programme/rns/EOS/106/EOS79935.rns,856835000000000.0,3.14535,3.72729,18.6319,0.79093,0.795087,0.15726,7.43256,8.25873,1103.75,0.943061,21.233,0.735241,2.17518,-0.333723,0.726465,0.360179,0.532813,0.793913,0.780312,8.5788
/home/ken/Programme/rns/EOS/106/EOS79935.rns,925638000000000.0,3.17899,3.77607,18.5681,0.801771,0.801954,0.157008,7.5777,8.30614,1099.26,0.996298,21.6213,0.758599,2.25207,-0.339043,0.737978,0.356609,0.531836,0.800638,0.786535,8.63464
/home/ken/Programme/rns/EOS/106/EOS79935.rns,994441000000000.0,3.20458,3.81436,18.3548,0.814612,0.818223,0.156317,7.67897,8.28447,1084.09,1.15563,22.0533,0.783201,2.33475,-0.339578,0.750394,0.34907,0.535938,0.81639,0.800418,8.6723
/home/ken/Programme/rns/EOS/106/EOS79935.rns,1063240000000000.0,3.22036,3.83902,18.2262,0.827037,0.827468,0.155359,7.73027,8.21452,1063.23,1.20247,22.2833,0.804743,2.40623,-0.344076,0.761397,0.344612,0.535938,0.82546,0.809091,8.68941
/home/ken/Programme/rns/EOS/106/EOS79935.rns,1132050000000000.0,3.22763,3.85155,18.0326,0.838428,0.8408,0.154249,7.73934,8.11244,1039.34,1.29913,22.482,0.822661,2.46698,-0.344733,0.770771,0.338689,0.539063,0.838393,0.820999,8.69042
/home/ken/Programme/rns/EOS/106/EOS79935.rns,1200850000000000.0,3.22922,3.85569,17.9025,0.84819,0.849149,0.153155,7.72276,8.00189,1016.25,1.33382,22.5582,0.836642,2.51342,-0.347161,0.778361,0.334953,0.539844,0.846577,0.828888,8.68141
/home/ken/Programme/rns/EOS/106/EOS79935.rns,1269650000000000.0,3.2267,3.85356,17.7895,0.856076,0.856143,0.152182,7.69051,7.89505,995.681,1.36015,22.5822,0.84684,2.5471,-0.34884,0.784213,0.331913,0.540625,0.853435,0.835515,8.66673
/home/ken/Programme/rns/EOS/106/EOS79935.rns,1338460000000000.0,3.22148,3.84731,17.6703,0.862874,0.863589,0.151271,7.64763,7.78919,976.421,1.39679,22.5894,0.854699,2.57331,-0.349253,0.789068,0.328811,0.542188,0.860688,0.8424,8.64824
/home/ken/Programme/rns/EOS/106/EOS79935.rns,1407260000000000.0,3.2149,3.8389,17.5616,0.868719,0.870282,0.150389,7.59886,7.68744,958.447,1.42803,22.5736,0.860678,2.59307,-0.349323,0.793146,0.326089,0.54375,0.867207,0.848601,8.62784
/home/ken/Programme/rns/EOS/106/EOS81211.rns,183379000000000.0,0.104945,0.10464,76.7089,0.0155694,0.0175604,0.0003653,0.0011706,0.0660769,0.387439,0.0,0.0,0.00282382,0.0428549,-0.0372072,0.0421493,2.08602,0.717188,0.0175604,0.0175604,2.34326
/home/ken/Programme/rns/EOS/106/EOS81211.rns,266759000000000.0,0.159275,0.159456,29.5145,0.090584,0.0906663,0.00628086,0.00844869,0.0819692,1.79367,0.0,0.0,0.0121551,0.103152,-0.0788341,0.0653408,0.797821,0.663281,0.0906663,0.0906663,1.80653
/home/ken/Programme/rns/EOS/106/EOS81211.rns,350138000000000.0,0.247007,0.248917,21.0267,0.187825,0.18807,0.0192796,0.0296808,0.138879,8.1813,0.0,0.0,0.0270634,0.164818,-0.110609,0.0984945,0.562962,0.654688,0.18807,0.18807,1.92659
/home/ken/Programme/rns/EOS/106/EOS81211.rns,433518000000000.0,0.391645,0.398803,18.0232,0.299076,0.299428,0.0380611,0.0892404,0.262236,26.1092,0.0,0.0,0.0519732,0.247777,-0.14334,0.148357,0.475142,0.6375,0.299428,0.299428,2.29789
/home/ken/Programme/rns/EOS/106/EOS81211.rns,516897000000000.0,0.647168,0.670409,16.9126,0.423119,0.425391,0.0627655,0.269355,0.559467,75.0059,0.0,0.0,0.0971333,0.376652,-0.179893,0.226213,0.43409,0.6125,0.425391,0.425391,2.96632
/home/ken/Programme/rns/EOS/106/EOS81211.rns,600277000000000.0,1.00715,1.0671,16.7972,0.535462,0.537348,0.0870542,0.684606,1.12363,167.24,0.0,0.0,0.165426,0.556364,-0.216105,0.32449,0.415289,0.584375,0.537348,0.537348,3.85012
/home/ken/Programme/rns/EOS/106/EOS81211.rns,683656000000000.0,1.44487,1.57186,16.8944,0.635066,0.636707,0.10788,1.44431,1.99873,295.903,0.0,3.08301,0.260388,0.798826,-0.249658,0.433541,0.398168,0.5625,0.636707,0.636707,4.84448
/home/ken/Programme/rns/EOS/106/EOS81211.rns,767036000000000.0,1.92184,2.15196,16.9184,0.726466,0.728141,0.124839,2.60075,3.14627,441.097,0.0,8.2738,0.386895,1.12824,-0.2807,0.543863,0.376212,0.548438,0.728141,0.728141,5.86539
/home/ken/Programme/rns/EOS/106/EOS81211.rns,850415000000000.0,2.32557,2.67038,16.8021,0.801603,0.802991,0.136517,3.8628,4.23502,561.637,0.0,12.8687,0.524119,1.50746,-0.305826,0.633501,0.352801,0.542188,0.802991,0.802991,6.69928
/home/ken/Programme/rns/EOS/106/EOS81211.rns,933795000000000.0,2.7709,3.2678,16.7915,0.870087,0.870145,0.15066,5.64244,5.69925,736.141,0.61292,18.1252,0.708254,2.07427,-0.332651,0.71123,0.328724,0.53623,0.869499,0.85851,7.61533
/home/ken/Programme/rns/EOS/106/EOS81211.rns,1017170000000000.0,3.06236,3.66676,16.6793,0.906811,0.920925,0.161377,7.04278,6.82559,883.702,1.42722,21.8123,0.850494,2.57852,-0.340285,0.756684,0.308689,0.541992,0.917195,0.895905,8.18854
/home/ken/Programme/rns/EOS/106/EOS81211.rns,1100550000000000.0,3.13541,3.76748,16.7778,0.920997,0.921043,0.164212,7.412,7.07277,914.479,1.44293,22.5811,0.896648,2.74631,-0.353914,0.773663,0.307497,0.534375,0.917325,0.89657,8.31876
/home/ken/Programme/rns/EOS/106/EOS81211.rns,1183930000000000.0,3.13562,3.76766,16.689,0.924032,0.928682,0.164256,7.41095,7.04855,910.326,1.51232,22.6711,0.901538,2.76679,-0.351483,0.776985,0.304803,0.5375,0.92452,0.903007,8.31806
/home/ken/Programme/rns/EOS/106/EOS81211.rns,1267310000000000.0,3.13513,3.76694,16.684,0.92449,0.928978,0.164219,7.40725,7.04154,909.05,1.51187,22.6669,0.902005,2.76827,-0.351634,0.777524,0.304691,0.5375,0.924817,0.903314,8.3166
/home/ken/Programme/rns/EOS/106/EOS81211.rns,1350690000000000.0,3.13555,3.76754,16.688,0.924123,0.928742,0.16425,7.41034,7.04727,910.088,1.51227,22.6706,0.90164,2.76712,-0.351514,0.777093,0.30478,0.5375,0.92458,0.903069,8.31781
/home/ken/Programme/rns/EOS/106/EOS81211.rns,1517450000000000.0,3.1346,3.76604,16.7183,0.925428,0.925438,0.164055,7.39842,7.02601,905.437,1.46251,22.6045,0.902758,2.76781,-0.354557,0.778866,0.305848,0.535156,0.921588,0.900669,8.31284
/home/ken/Programme/rns/EOS/106/EOS81211.rns,1600830000000000.0,3.13154,3.76171,16.7033,0.926185,0.9262,0.163909,7.38058,7.00334,901.798,1.46205,22.5771,0.902734,2.76719,-0.354554,0.779734,0.30559,0.535352,0.922346,0.901423,8.30627
/home/ken/Programme/rns/EOS/106/EOS81211.rns,1684210000000000.0,3.12583,3.75367,16.6185,0.926954,0.932995,0.163725,7.35094,6.96944,897.018,1.52706,22.5959,0.902061,2.76757,-0.350665,0.780493,0.303344,0.539063,0.928709,0.907009,8.2958
/home/ken/Programme/rns/EOS/106/EOS80024.rns,170914000000000.0,0.101102,0.100781,102.094,0.0103507,0.0112254,0.000195656,0.000854605,0.0725621,0.558568,0.0,0.0,0.00208878,0.0374631,-0.0332855,0.0400369,2.77789,0.701172,0.0112254,0.0112254,2.65118
/home/ken/Programme/rns/EOS/106/EOS80024.rns,241828000000000.0,0.15521,0.155332,30.9808,0.0823385,0.0832205,0.00559286,0.00772402,0.0824429,1.66675,0.0,0.0,0.0111957,0.0978856,-0.0754882,0.0624473,0.837942,0.667969,0.0832205,0.0832205,1.82555
/home/ken/Programme/rns/EOS/106/EOS80024.rns,312743000000000.0,0.2452,0.247021,21.3653,0.177774,0.182949,0.0187584,0.0292566,0.144633,8.33664,0.0,0.0,0.0259291,0.158208,-0.106274,0.0949774,0.572261,0.667188,0.182949,0.182949,1.93388
/home/ken/Programme/rns/EOS/106/EOS80024.rns,383657000000000.0,0.429406,0.438061,18.4324,0.302437,0.303459,0.0423022,0.111593,0.324277,34.9589,0.0,0.0,0.0559897,0.259828,-0.147236,0.153459,0.484723,0.634375,0.303459,0.303459,2.4427
/home/ken/Programme/rns/EOS/106/EOS80024.rns,454571000000000.0,0.8918,0.935583,17.8352,0.461595,0.462617,0.0811478,0.545318,1.03825,157.088,0.0,0.0,0.133194,0.473603,-0.201533,0.275663,0.448696,0.590625,0.462617,0.462617,3.66471
/home/ken/Programme/rns/EOS/106/EOS80024.rns,525485000000000.0,1.79137,1.97188,18.6524,0.61182,0.611943,0.123597,2.33242,3.35039,518.372,0.0,5.96417,0.306199,0.919796,-0.263502,0.467226,0.43017,0.545313,0.611943,0.611943,5.7722
/home/ken/Programme/rns/EOS/106/EOS80024.rns,596399000000000.0,2.60843,2.99574,19.0414,0.707734,0.708471,0.147211,5.06322,6.28738,897.067,0.0,14.7901,0.517235,1.49687,-0.30581,0.61684,0.400552,0.529688,0.708471,0.708471,7.51783
/home/ken/Programme/rns/EOS/106/EOS80024.rns,667314000000000.0,3.04826,3.5859,19.0135,0.760522,0.761697,0.156705,6.99336,8.0814,1104.18,0.574935,19.855,0.672859,1.97219,-0.327979,0.694086,0.376397,0.528125,0.761284,0.752593,8.41715
/home/ken/Programme/rns/EOS/106/EOS80024.rns,738228000000000.0,3.2574,3.87859,18.8696,0.791678,0.792902,0.160322,8.02274,8.90609,1192.15,1.08682,22.391,0.769437,2.29413,-0.339682,0.734122,0.36069,0.529688,0.791388,0.776534,8.81906
/home/ken/Programme/rns/EOS/106/EOS80024.rns,809142000000000.0,3.35525,4.01925,18.683,0.810458,0.814961,0.161483,8.5214,9.24045,1222.94,1.38436,23.6781,0.82535,2.49183,-0.343632,0.755735,0.34975,0.533594,0.812418,0.794639,8.99637
/home/ken/Programme/rns/EOS/106/EOS80024.rns,880056000000000.0,3.40212,4.08792,18.5835,0.822388,0.825905,0.161769,8.76152,9.36301,1230.69,1.50411,24.2878,0.858045,2.60988,-0.347769,0.768351,0.344219,0.534375,0.822864,0.804189,9.07643
/home/ken/Programme/rns/EOS/106/EOS80024.rns,950971000000000.0,3.42764,4.12603,18.5313,0.831252,0.831295,0.161647,8.88752,9.39639,1228.2,1.54126,24.6006,0.879973,2.68826,-0.352453,0.777203,0.34133,0.533398,0.828095,0.809311,9.11598
/home/ken/Programme/rns/EOS/106/EOS80024.rns,1021880000000000.0,3.4391,4.14388,18.3792,0.837997,0.842777,0.161279,8.93793,9.37362,1219.67,1.66041,24.8553,0.894527,2.74452,-0.350621,0.783566,0.336197,0.5375,0.838964,0.819169,9.13077
/home/ken/Programme/rns/EOS/106/EOS80024.rns,1092800000000000.0,3.44385,4.15178,18.3216,0.843366,0.846708,0.16084,8.95243,9.32905,1209.14,1.67699,24.9369,0.904599,2.7804,-0.352641,0.788419,0.334304,0.5375,0.842799,0.822967,9.13324
/home/ken/Programme/rns/EOS/106/EOS80024.rns,1163710000000000.0,3.44443,4.15354,18.2933,0.847993,0.848028,0.160317,8.94373,9.26914,1196.86,1.65829,24.9384,0.912071,2.80499,-0.355706,0.792475,0.333546,0.53623,0.844213,0.824641,9.12815
/home/ken/Programme/rns/EOS/106/EOS80024.rns,1234630000000000.0,3.44096,4.14946,18.2116,0.852299,0.852976,0.159688,8.91215,9.18974,1182.2,1.68551,24.9465,0.917716,2.82522,-0.355815,0.796066,0.331399,0.5375,0.848992,0.829218,9.11583
/home/ken/Programme/rns/EOS/106/EOS80024.rns,1305540000000000.0,3.43492,4.14151,18.1263,0.85613,0.858036,0.159038,8.86758,9.10286,1166.94,1.71442,24.9299,0.921743,2.83969,-0.35537,0.799169,0.329279,0.539063,0.853865,0.833856,9.0992
/home/ken/Programme/rns/EOS/106/EOS80024.rns,1376460000000000.0,3.42755,4.1316,18.0453,0.859528,0.862635,0.158307,8.81335,9.01143,1150.97,1.73686,24.8872,0.924397,2.84882,-0.354782,0.80188,0.327395,0.540625,0.858307,0.838111,9.07974
/home/ken/Programme/rns/EOS/106/EOS80024.rns,1447370000000000.0,3.41857,4.11927,17.9963,0.862685,0.864665,0.157587,8.75212,8.91608,1134.88,1.72586,24.7975,0.926119,2.85264,-0.355738,0.80429,0.326554,0.540625,0.860376,0.840279,9.05773
/home/ken/Programme/rns/EOS/106/EOS81759.rns,183379000000000.0,0.110289,0.11001,66.202,0.0223803,0.0224533,0.000667353,0.0016584,0.0651232,0.373358,0.0,0.0,0.00369946,0.0534262,-0.0460271,0.0442009,1.7995,0.667188,0.0224533,0.0224533,2.23306
/home/ken/Programme/rns/EOS/106/EOS81759.rns,266759000000000.0,0.19122,0.191879,24.8624,0.122543,0.128557,0.010694,0.0148516,0.106511,3.81787,0.0,0.0,0.0169301,0.121484,-0.0876012,0.0751932,0.66976,0.68125,0.128557,0.128557,1.82628
/home/ken/Programme/rns/EOS/106/EOS81759.rns,350138000000000.0,0.351569,0.356754,19.1437,0.253437,0.258977,0.033026,0.0707441,0.24532,22.2415,0.0,0.0,0.0427735,0.216474,-0.130623,0.128394,0.507344,0.651563,0.258977,0.258977,2.22752
/home/ken/Programme/rns/EOS/106/EOS81759.rns,433518000000000.0,0.768874,0.800589,17.9714,0.423943,0.424187,0.0723806,0.398453,0.826006,120.147,0.0,0.0,0.111014,0.415199,-0.189574,0.243737,0.457752,0.6,0.424187,0.424187,3.36635
/home/ken/Programme/rns/EOS/106/EOS81759.rns,516897000000000.0,1.68107,1.83895,18.6637,0.592399,0.592768,0.118679,2.04001,3.02643,470.946,0.0,4.72141,0.280335,0.852477,-0.256446,0.444476,0.4357,0.55,0.592768,0.592768,5.5375
/home/ken/Programme/rns/EOS/106/EOS81759.rns,600277000000000.0,2.60699,2.99293,19.0794,0.704844,0.70599,0.145714,5.03798,6.28168,891.391,0.0,14.7009,0.514719,1.48867,-0.305086,0.616897,0.401741,0.53125,0.70599,0.70599,7.52129
/home/ken/Programme/rns/EOS/106/EOS81759.rns,683656000000000.0,3.09306,3.64721,18.9615,0.765977,0.769539,0.156018,7.18038,8.23843,1112.87,0.708593,20.3687,0.691435,2.03053,-0.328725,0.703708,0.372511,0.53125,0.768912,0.758476,8.51029
/home/ken/Programme/rns/EOS/106/EOS81759.rns,767036000000000.0,3.31356,3.95809,18.7598,0.801466,0.805391,0.159707,8.28016,9.07959,1200.09,1.26474,23.0878,0.800041,2.39909,-0.341224,0.74709,0.354429,0.533594,0.803308,0.786717,8.92687
/home/ken/Programme/rns/EOS/106/EOS81759.rns,850415000000000.0,3.41301,4.10232,18.6409,0.822504,0.822717,0.160964,8.80056,9.4034,1229.92,1.47746,24.3295,0.862276,2.62184,-0.350477,0.769789,0.345371,0.533203,0.819832,0.801634,9.10305
/home/ken/Programme/rns/EOS/106/EOS81759.rns,933795000000000.0,3.45491,4.16435,18.5168,0.834788,0.83479,0.161143,9.01755,9.49347,1233.68,1.60384,24.906,0.895355,2.74418,-0.354029,0.782115,0.339391,0.53457,0.831332,0.812269,9.17112
/home/ken/Programme/rns/EOS/106/EOS81759.rns,1017170000000000.0,3.47282,4.19168,18.3781,0.843173,0.845877,0.160929,9.10567,9.49091,1227.64,1.71429,25.2256,0.915094,2.81993,-0.354111,0.789927,0.334286,0.5375,0.841836,0.821977,9.19644
/home/ken/Programme/rns/EOS/106/EOS81759.rns,1100550000000000.0,3.4797,4.20255,18.3418,0.848449,0.848501,0.160615,9.13426,9.46151,1219.65,1.71737,25.3144,0.926027,2.85878,-0.35707,0.794743,0.332905,0.536621,0.844442,0.824693,9.20296
/home/ken/Programme/rns/EOS/106/EOS81759.rns,1183930000000000.0,3.48014,4.20383,18.2218,0.851756,0.857072,0.16026,9.12856,9.4189,1211.21,1.80658,25.4167,0.931681,2.88369,-0.353904,0.797737,0.329317,0.540625,0.852478,0.832015,9.1998
/home/ken/Programme/rns/EOS/106/EOS81759.rns,1267310000000000.0,3.47907,4.20272,18.25,0.854236,0.854279,0.159943,9.11554,9.37815,1203.39,1.74781,25.3557,0.935184,2.89207,-0.357969,0.79997,0.330323,0.537695,0.850029,0.830113,9.19388
/home/ken/Programme/rns/EOS/106/EOS81759.rns,1350690000000000.0,3.47538,4.19775,18.1356,0.855843,0.86234,0.159643,9.09061,9.33495,1196.18,1.83763,25.4149,0.936749,2.90246,-0.353587,0.801446,0.327097,0.542188,0.85753,0.83686,9.18543
/home/ken/Programme/rns/EOS/106/EOS81759.rns,1434070000000000.0,3.47286,4.1943,18.1493,0.857063,0.860691,0.159399,9.07156,9.30212,1190.49,1.80227,25.3581,0.937646,2.90297,-0.355687,0.802573,0.327718,0.540625,0.856093,0.835724,9.17832
/home/ken/Programme/rns/EOS/106/EOS81759.rns,1517450000000000.0,3.46987,4.19014,18.1351,0.857936,0.861231,0.159181,9.05116,9.27176,1185.41,1.79823,25.3272,0.93796,2.9033,-0.355953,0.803414,0.327497,0.540625,0.856649,0.836312,9.17121
/home/ken/Programme/rns/EOS/106/EOS81759.rns,1600830000000000.0,3.46691,4.18601,18.1233,0.858601,0.861622,0.158986,9.03153,9.24448,1180.91,1.7939,25.2957,0.93795,2.9025,-0.356146,0.804084,0.327344,0.540625,0.857059,0.836752,9.16447
/home/ken/Programme/rns/EOS/106/EOS81759.rns,1684210000000000.0,3.46392,4.1818,18.113,0.859141,0.86192,0.158801,9.01193,9.21863,1176.7,1.78926,25.263,0.937718,2.9009,-0.356294,0.804656,0.327235,0.540625,0.857378,0.837102,9.15781
